8 0.7280175 0.5061133328125 0.7369049999999999 0.4023788890625 0.7013550000000001 0.3638488890625 0.6124808328125 0.3564388890625 0.5724875 0.392005 0.5013883328125 0.40534277812499997 0.5255558328125 0.42444444375 0.6080375 0.48684833281250006 0.6769149999999999 0.528342221875 0.7146858328125 0.52241444375 0.7280175 0.5061133328125
8 0.6591400000000001 0.3134633328125 0.8879908328124999 0.31049944375 0.7533333328125 0.1559261109375 0.6591400000000001 0.3134633328125
8 0.3783333328125 0.13925944375 0.62359 0.188982221875 0.6702491671875 0.1593433328125 0.5502691671875 0.0111511109375 0.3783333328125 0.13925944375
8 0.8235566671875001 0.04819944375 0.7502358328125001 0.085247221875 0.7477775 0.08925944375 0.9390933328125 0.231957778125 0.9991666671875 0.09858444375 0.9968616671874999 0.045235556249999996 0.8235566671875001 0.04819944375
8 0.6061108328125 0 0.7457925000000001 0.073392221875 0.796895 0 0.6061108328125 0
8 0.9991666671875 0.340137778125 0.82 0.41518499999999997 0.8368883328125 0.44535444375 0.9990833328125 0.5120411109375 0.9991666671875 0.340137778125
8 0.7835633328125 0.5164866671875 0.595 0.5966666671875 0.7635675 0.70469055625 0.8146699999999999 0.5238961109375 0.7835633328125 0.5164866671875
8 0.6124808328125 0.682462221875 0.5324941671875 0.663197221875 0.5436033328125001 0.8128711109375001 0.7338891671875001 0.715185 0.74357 0.7017272218749999 0.641365 0.64986 0.6124808328125 0.682462221875
8 0.24365333281249998 0.744702778125 0.31697416718750004 0.7891600000000001 0.5413816671875 0.7995338890625 0.5033333328125 0.6688888890625 0.425845 0.636522221875 0.24365333281249998 0.725437778125 0.24365333281249998 0.744702778125
8 0.461395 0.5564983328124999 0.3525241671875 0.528342221875 0.2614283328125 0.5120411109375 0.1969941671875 0.5105588890625 0.2014383328125 0.5564983328124999 0.1505558328125 0.5485183328125001 0.2147691671875 0.72395555625 0.3614116671875 0.682462221875 0.4125141671875 0.5994744437499999 0.461395 0.5564983328124999
8 0.42277750000000003 0.36148166718749997 0.3325275 0.52686 0.46806083281250005 0.552052778125 0.616925 0.50018555625 0.42277750000000003 0.36148166718749997