8 0.8220000000000001 0.394 0.842 0.375 0.8526666671875001 0.34900000000000003 0.858 0.343 0.8626666671875001 0.32599999999999996 0.8686666671875001 0.324 0.8766666671875001 0.32999999999999996 0.8880000000000001 0.353 0.9153333328125 0.45899999999999996 0.9800000000000001 0.45199999999999996 0.982 0.449 0.9826666671875 0.43 0.9793333328125 0.40800000000000003 0.9673333328125 0.372 0.9493333328125001 0.333 0.9446666671875 0.313 0.9279999999999999 0.27999999999999997 0.914 0.21800000000000003 0.908 0.209 0.8973333328124999 0.22000000000000003 0.8866666671875001 0.242 0.8473333328124999 0.28900000000000003 0.7966666671875 0.363 0.796 0.379 0.8026666671875 0.388 0.8140000000000001 0.397 0.8220000000000001 0.394
8 0.7006666671875 0.29500000000000004 0.6986666671874999 0.294 0.7313333328125 0.383 0.734 0.4 0.742 0.41200000000000003 0.7453333328125 0.433 0.748 0.43499999999999994 0.768 0.418 0.79 0.40700000000000003 0.7933333328125001 0.398 0.7873333328125 0.39 0.7906666671875 0.377 0.7946666671875 0.378 0.7946666671875 0.375 0.792 0.352 0.7826666671875 0.333 0.78 0.284 0.7666666671875 0.24700000000000003 0.764 0.22200000000000003 0.7593333328125 0.21800000000000003 0.7506666671875 0.21800000000000003 0.744 0.225 0.7313333328125 0.256 0.716 0.277 0.702 0.29 0.7006666671875 0.29500000000000004
8 0.8493333328125001 0.437 0.8973333328124999 0.518 0.9099999999999999 0.5599999999999999 0.914 0.564 0.922 0.603 0.9273333328125 0.606 0.9359999999999999 0.604 0.942 0.5940000000000001 0.9466666671875 0.593 0.9473333328125 0.584 0.924 0.515 0.914 0.471 0.9099999999999999 0.438 0.8946666671875001 0.376 0.8853333328125 0.34700000000000003 0.876 0.32999999999999996 0.866 0.325 0.86 0.32999999999999996 0.8466666671875 0.367 0.8300000000000001 0.388 0.8153333328124999 0.4 0.8493333328125001 0.437
8 0.6226666671875 0.376 0.6166666671875001 0.393 0.6073333328125 0.398 0.604 0.40599999999999997 0.6186666671875 0.404 0.6186666671875 0.392 0.6253333328124999 0.386 0.6386666671875 0.38 0.648 0.384 0.6519999999999999 0.392 0.6573333328125 0.42000000000000004 0.6673333328125 0.446 0.6686666671875 0.46399999999999997 0.6746666671875 0.485 0.6926666671875 0.521 0.7026666671874999 0.507 0.712 0.46699999999999997 0.72 0.457 0.7293333328125 0.45599999999999996 0.7373333328125 0.46299999999999997 0.7433333328125 0.476 0.7486666671875 0.47800000000000004 0.7546666671875 0.497 0.7593333328125 0.496 0.7606666671875 0.49000000000000005 0.756 0.472 0.742 0.43200000000000005 0.7433333328125 0.417 0.7353333328125 0.404 0.726 0.365 0.7006666671875 0.29700000000000004 0.6893333328125 0.29700000000000004 0.6713333328125 0.317 0.6286666671875001 0.341 0.6366666671875 0.343 0.636 0.371 0.6266666671875 0.379 0.6226666671875 0.376
8 0.5333333328125 0.621 0.546 0.625 0.5473333328125001 0.634 0.5513333328125001 0.639 0.5646666671875 0.648 0.5866666671874999 0.653 0.6073333328125 0.624 0.6393333328125 0.595 0.6193333328125 0.591 0.62 0.553 0.6466666671875 0.553 0.6646666671875 0.545 0.6706666671875 0.536 0.6833333328125 0.537 0.6913333328125 0.529 0.65 0.391 0.6446666671875 0.384 0.6386666671875 0.383 0.626 0.391 0.6273333328125 0.398 0.6206666671875001 0.422 0.6113333328125 0.42699999999999994 0.6086666671875001 0.437 0.5833333328125 0.46699999999999997 0.5373333328125 0.497 0.5053333328125 0.506 0.504 0.51 0.5033333328125 0.5740000000000001 0.5133333328125 0.591 0.514 0.602 0.5333333328125 0.621
8 0.7693333328125 0.487 0.758 0.502 0.7586666671875 0.507 0.8046666671875 0.623 0.8353333328125 0.678 0.8486666671875 0.708 0.8773333328125 0.704 0.9 0.6809999999999999 0.9386666671875 0.655 0.954 0.649 0.952 0.639 0.9346666671875001 0.619 0.8826666671875 0.526 0.8746666671875 0.519 0.8586666671875 0.493 0.8293333328125 0.45599999999999996 0.8093333328125001 0.41100000000000003 0.798 0.40499999999999997 0.7893333328125001 0.41500000000000004 0.7873333328125 0.43600000000000005 0.782 0.43899999999999995 0.778 0.46799999999999997 0.7693333328125 0.487
8 0.642 0.774 0.658 0.788 0.6759999999999999 0.796 0.702 0.7969999999999999 0.7353333328125 0.776 0.7733333328125 0.766 0.7873333328125 0.772 0.8206666671875 0.757 0.834 0.755 0.8513333328125 0.741 0.85 0.7230000000000001 0.842 0.697 0.8166666671874999 0.651 0.7473333328125 0.47800000000000004 0.7306666671875 0.458 0.7206666671875 0.458 0.712 0.471 0.7073333328125 0.497 0.7006666671875 0.515 0.6873333328125 0.5389999999999999 0.6866666671874999 0.545 0.6673333328125 0.576 0.6006666671875001 0.634 0.5853333328125 0.6559999999999999 0.5700000000000001 0.688 0.5700000000000001 0.7 0.58 0.718 0.6233333328125 0.744 0.642 0.774
8 0.24266666718750002 0.6769999999999999 0.2633333328125 0.713 0.286 0.734 0.3273333328125 0.733 0.3326666671875 0.729 0.312 0.662 0.2966666671875 0.64 0.2553333328125 0.614 0.2346666671875 0.615 0.2346666671875 0.622 0.2293333328125 0.634 0.23199999999999998 0.649 0.24266666718750002 0.6769999999999999
8 0.2046666671875 0.78 0.23333333281250002 0.762 0.24933333281249997 0.763 0.2666666671875 0.755 0.2746666671875 0.75 0.27999999999999997 0.74 0.2713333328125 0.722 0.256 0.7070000000000001 0.242 0.6839999999999999 0.2126666671875 0.662 0.2066666671875 0.6639999999999999 0.1906666671875 0.6839999999999999 0.1593333328125 0.7030000000000001 0.1506666671875 0.714 0.1453333328125 0.727 0.144 0.739 0.1526666671875 0.75 0.1886666671875 0.766 0.2046666671875 0.78
8 0.17133333281250002 0.693 0.17733333281250002 0.693 0.2093333328125 0.661 0.2266666671875 0.631 0.238 0.5980000000000001 0.242 0.5589999999999999 0.24 0.528 0.23533333281250002 0.523 0.2173333328125 0.532 0.1973333328125 0.554 0.176 0.593 0.16399999999999998 0.632 0.162 0.65 0.16399999999999998 0.6769999999999999 0.16599999999999998 0.686 0.17133333281250002 0.693
8 0.1606666671875 0.5309999999999999 0.17033333281250002 0.521 0.194 0.517 0.20866666718750002 0.509 0.2126666671875 0.501 0.22000000000000003 0.49800000000000005 0.22599999999999998 0.47800000000000004 0.2186666671875 0.45999999999999996 0.186 0.42699999999999994 0.16933333281250001 0.418 0.1646666671875 0.421 0.11333333281249999 0.496 0.1 0.509 0.10133333281250001 0.521 0.1413333328125 0.536 0.15 0.536 0.1606666671875 0.5309999999999999
8 0.1686666671875 0.48 0.1666666671875 0.48200000000000004 0.16933333281250001 0.488 0.17466666718749999 0.48200000000000004 0.1686666671875 0.48
8 0.1346666671875 0.43099999999999994 0.13799999999999998 0.43200000000000005 0.152 0.41900000000000004 0.20400000000000001 0.391 0.2126666671875 0.39 0.2146666671875 0.386 0.2146666671875 0.375 0.1853333328125 0.318 0.1786666671875 0.28900000000000003 0.17733333281250002 0.265 0.174 0.259 0.1613333328125 0.265 0.1426666671875 0.306 0.1366666671875 0.331 0.1373333328125 0.346 0.132 0.361 0.132 0.41900000000000004 0.1346666671875 0.43099999999999994
8 0.318 0.638 0.312 0.5980000000000001 0.30133333281249997 0.553 0.29533333281249996 0.538 0.27999999999999997 0.52 0.2646666671875 0.53 0.2573333328125 0.525 0.2553333328125 0.5309999999999999 0.25666666718750003 0.575 0.25466666718750003 0.611 0.2926666671875 0.636 0.318 0.638
8 0.2513333328125 0.505 0.25866666718750003 0.517 0.2666666671875 0.515 0.2793333328125 0.519 0.29733333281249996 0.5349999999999999 0.314 0.54 0.3373333328125 0.54 0.3393333328125 0.537 0.3386666671875 0.5269999999999999 0.32799999999999996 0.495 0.31466666718749997 0.47800000000000004 0.31066666718749997 0.458 0.296 0.446 0.2806666671875 0.42400000000000004 0.274 0.42800000000000005 0.2673333328125 0.44000000000000006 0.2506666671875 0.44299999999999995 0.236 0.453 0.2286666671875 0.454 0.2253333328125 0.45899999999999996 0.2246666671875 0.465 0.22799999999999998 0.47300000000000003 0.24866666718750002 0.49000000000000005 0.2513333328125 0.505
8 0.1306666671875 0.608 0.16599999999999998 0.61 0.1973333328125 0.5519999999999999 0.1866666671875 0.5389999999999999 0.174 0.534 0.1606666671875 0.534 0.10466666718749999 0.563 0.09066666718750001 0.5740000000000001 0.0866666671875 0.58 0.088 0.585 0.12 0.604 0.1306666671875 0.608
8 0.0986666671875 0.7150000000000001 0.12 0.717 0.122 0.721 0.146 0.714 0.162 0.6980000000000001 0.16599999999999998 0.689 0.1626666671875 0.679 0.1593333328125 0.622 0.154 0.619 0.15 0.61 0.1346666671875 0.609 0.1106666671875 0.629 0.0926666671875 0.65 0.0726666671875 0.683 0.07133333281250001 0.6980000000000001 0.076 0.7070000000000001 0.0866666671875 0.708 0.0986666671875 0.7150000000000001