8 0.688 0.8699999999999999 0.708 0.8480000000000001 0.75 0.77 0.808 0.704 0.732 0.6759999999999999 0.6940000000000001 0.682 0.5940000000000001 0.6679999999999999 0.5780000000000001 0.6679999999999999 0.5940000000000001 0.716 0.658 0.8380000000000001 0.688 0.8699999999999999
8 0.5940000000000001 0.998 0.6 0.9800000000000001 0.648 0.922 0.49800000000000005 0.874 0.48 0.874 0.48 0.8800000000000001 0.528 0.998 0.5940000000000001 0.998
8 0.688 0.2 0.6940000000000001 0.13 0.5940000000000001 0.11200000000000002 0.58 0.152 0.58 0.31 0.596 0.418 0.6639999999999999 0.3 0.688 0.2
8 0.9099999999999999 0.152 0.8560000000000001 0.148 0.778 0.152 0.8380000000000001 0.22000000000000003 0.914 0.16999999999999998 0.9099999999999999 0.152
8 0.38 0.45199999999999996 0.43600000000000005 0.394 0.33999999999999997 0.294 0.254 0.22400000000000003 0.22000000000000003 0.242 0.21200000000000002 0.25 0.21400000000000002 0.262 0.172 0.306 0.16999999999999998 0.322 0.236 0.38 0.366 0.45199999999999996 0.38 0.45199999999999996
8 0.268 0.762 0.306 0.72 0.32599999999999996 0.692 0.33599999999999997 0.658 0.368 0.65 0.384 0.63 0.372 0.62 0.372 0.61 0.26 0.596 0.23199999999999998 0.5860000000000001 0.186 0.5940000000000001 0.126 0.618 0.11599999999999999 0.626 0.118 0.644 0.20400000000000001 0.8119999999999999 0.268 0.762
8 0.8619999999999999 0.718 0.876 0.732 0.95 0.76 0.95 0.742 0.908 0.632 0.906 0.602 0.9179999999999999 0.5519999999999999 0.884 0.45999999999999996 0.782 0.476 0.654 0.514 0.642 0.526 0.644 0.536 0.728 0.67 0.8619999999999999 0.718
8 0.662 0.9199999999999999 0.686 0.914 0.6900000000000001 0.8859999999999999 0.6839999999999999 0.868 0.602 0.734 0.572 0.662 0.42400000000000004 0.618 0.398 0.624 0.21200000000000002 0.8140000000000001 0.20800000000000002 0.8320000000000001 0.22799999999999998 0.844 0.466 0.8640000000000001 0.662 0.9199999999999999
8 0.442 0.388 0.49000000000000005 0.322 0.532 0.246 0.562 0.262 0.568 0.27999999999999997 0.58 0.27599999999999997 0.5780000000000001 0.16799999999999998 0.606 0.012 0.5740000000000001 0.014000000000000002 0.462 0.068 0.392 0.036 0.36 0.062 0.358 0.096 0.33999999999999997 0.11599999999999999 0.186 0.134 0.184 0.162 0.19 0.16999999999999998 0.292 0.246 0.442 0.388
8 0.818 0.472 0.998 0.43200000000000005 0.998 0.36 0.954 0.33399999999999996 0.852 0.244 0.8160000000000001 0.19 0.852 0.156 0.9099999999999999 0.154 0.784 0.15 0.766 0.13799999999999998 0.732 0.08399999999999999 0.712 0.072 0.6940000000000001 0.13 0.666 0.318 0.648 0.382 0.626 0.42400000000000004 0.626 0.49400000000000005 0.654 0.512 0.778 0.47400000000000003 0.818 0.472
8 0 0.6559999999999999 0.086 0.62 0.10800000000000001 0.62 0.23199999999999998 0.5780000000000001 0.27999999999999997 0.546 0.372 0.462 0.302 0.418 0.26 0.40199999999999997 0.136 0.302 0.057999999999999996 0.21800000000000003 0.046 0.21800000000000003 0.04 0.246 0.041999999999999996 0.374 0.02 0.462 0.02 0.49800000000000005 0 0.554 0 0.6559999999999999
8 0.236 0.5820000000000001 0.252 0.592 0.382 0.6 0.548 0.65 0.71 0.678 0.72 0.666 0.718 0.6559999999999999 0.648 0.5519999999999999 0.592 0.418 0.554 0.246 0.544 0.238 0.532 0.244 0.492 0.324 0.43 0.41 0.348 0.492 0.236 0.5820000000000001