3 0.34859155 0.943502825 0.306338028125 0.8813559328125 0.29225352187500003 0.8248587578125001 0.2147887328125 0.8813559328125 0.1830985921875 0.9604519781249999 0.1795774640625 0.9943502828125 0.41549295781250006 0.9943502828125 0.4084507046875 0.9717514125 0.34859155 0.943502825
3 0.45774647812499997 0.9661016953124999 0.5 0.9096045203124999 0.492957746875 0.8813559328125 0.419014084375 0.8192090390625 0.37676056406249997 0.717514125 0.32042253593750003 0.7344632765625 0.299295775 0.76836158125 0.2957746484375 0.8248587578125001 0.30985915468749997 0.8757062140625 0.3661971828125 0.9491525421875 0.45774647812499997 0.9661016953124999
3 0.5246478875 0.8870056500000001 0.5528169015625 0.8644067796874999 0.4894366203125 0.76836158125 0.4471830984375 0.615819209375 0.37676056406249997 0.6327683609375 0.380281690625 0.7231638421875 0.419014084375 0.8135593218749999 0.482394365625 0.8757062140625 0.5246478875 0.8870056500000001
3 0.5774647890625 0.8587570625 0.6302816906250001 0.8474576265625 0.644366196875 0.8079096046875 0.605633803125 0.6949152546875 0.5281690140624999 0.5649717515625 0.46830985937499997 0.5649717515625 0.45774647812499997 0.59887005625 0.4647887328125 0.6949152546875 0.5070422531250001 0.7909604515625 0.5774647890625 0.8587570625
3 0.75 0.8531073453125 0.7711267609375 0.8248587578125001 0.7887323937499999 0.76836158125 0.7887323937499999 0.700564971875 0.7535211265624999 0.6101694921874999 0.6760563375 0.525423728125 0.644366196875 0.531073446875 0.6091549296875 0.59887005625 0.61267605625 0.7062146890625 0.6478873234375 0.8022598875 0.707746478125 0.8587570625 0.75 0.8531073453125
3 0.6021126765625 0.6045197734375 0.6232394359375 0.5480225984375 0.6760563375 0.5197740109375 0.66197183125 0.4519774015625 0.605633803125 0.3898305078125 0.5528169015625 0.39548022656250004 0.5246478875 0.42937853125 0.5211267609375 0.49152542343750005 0.542253521875 0.5875706218750001 0.605633803125 0.68361581875 0.6021126765625 0.6045197734375
3 0.8345070421875 0.6045197734375 0.7746478875 0.502824859375 0.7570422531250001 0.37288135625 0.700704225 0.3502824859375 0.669014084375 0.3898305078125 0.6760563375 0.49152542343750005 0.7218309859375001 0.57062146875 0.7816901406250001 0.615819209375 0.8345070421875 0.6045197734375
3 0.9049295781250001 0.6327683609375 0.943661971875 0.5932203390625 0.9401408453125001 0.49152542343750005 0.88732394375 0.3785310734375 0.8345070421875 0.33898305156249997 0.7957746484375 0.33898305156249997 0.767605634375 0.3785310734375 0.7711267609375 0.474576271875 0.8204225359375 0.5762711859375 0.8732394359375 0.62711864375 0.9049295781250001 0.6327683609375
4 0.7887323937499999 0 0.75 0.016949153124999998 0.7183098593749999 0.073446328125 0.7183098593749999 0.1751412421875 0.7605633796875 0.30508474531249996 0.7887323937499999 0.3333333328125 0.8661971828125001 0.3333333328125 0.88732394375 0.31073446250000003 0.9190140843749999 0.22033898281250003 0.8978873234375 0.0960451984375 0.8732394359375 0.056497175 0.8204225359375 0 0.7887323937499999 0
4 0.5246478875 0.31073446250000003 0.5457746484375 0.1638418078125 0.492957746875 0.073446328125 0.45774647812499997 0.050847457812499997 0.4084507046875 0.050847457812499997 0.35915492968749996 0.0903954796875 0.3415492953125 0.129943503125 0.3415492953125 0.2372881359375 0.3978873234375 0.327683615625 0.46830985937499997 0.34463276875000004 0.5246478875 0.31073446250000003
4 0.6584507046875 0.4237288140625 0.6760563375 0.3615819203125 0.7394366203125 0.3333333328125 0.7429577468749999 0.2768361578125 0.707746478125 0.1242937859375 0.66197183125 0.0903954796875 0.5915492953125 0.0960451984375 0.549295775 0.169491525 0.5387323937499999 0.2259887 0.5352112671875 0.30508474531249996 0.556338028125 0.384180790625 0.6161971828125 0.384180790625 0.6584507046875 0.4237288140625
4 0.2711267609375 0.8022598875 0.3239436625 0.7231638421875 0.3661971828125 0.700564971875 0.37323943593750003 0.6101694921874999 0.30985915468749997 0.54237288125 0.2781690140625 0.44632768437500003 0.2147887328125 0.4350282484375 0.1760563375 0.4519774015625 0.130281690625 0.525423728125 0.1232394359375 0.62711864375 0.169014084375 0.7796610171875 0.18661971875 0.8022598875 0.2711267609375 0.8022598875
4 0.45070422499999996 0.6101694921874999 0.46830985937499997 0.553672315625 0.5 0.5367231640625 0.4964788734375 0.49152542343750005 0.4647887328125 0.41242937812499997 0.41549295781250006 0.34463276875000004 0.33802816875 0.29378531093750004 0.31338028125 0.299435028125 0.2852112671875 0.34463276875000004 0.2852112671875 0.4632768359375 0.3239436625 0.553672315625 0.3661971828125 0.59887005625 0.45070422499999996 0.6101694921874999