3 0.5791505796875 0.298969071875 0.5521235515625 0.2525773203125 0.5096525093750001 0.24226804062500001 0.459459459375 0.29381443281249997 0.4980694984375 0.345360825 0.5173745171874999 0.44329896875 0.575289575 0.3917525765625 0.5791505796875 0.298969071875
3 0.5096525093750001 0.4381443296875 0.50579150625 0.376288659375 0.46332046406250005 0.3144329890625 0.4169884171875 0.3144329890625 0.37451737500000004 0.3711340203125 0.3706563703125 0.4278350515625 0.44401544375 0.43298969062500003 0.478764478125 0.47938144375 0.5096525093750001 0.4381443296875
3 0.44787644843749996 0.5618556703124999 0.4826254828125 0.5412371140625 0.47104247031249996 0.4742268046875 0.43629343593750003 0.43298969062500003 0.37837837812499997 0.4278350515625 0.33204633281249996 0.4845360828125 0.32432432499999997 0.510309278125 0.33976833906250004 0.5824742265625 0.389961390625 0.5515463921875 0.44787644843749996 0.5618556703124999
3 0.478764478125 0.654639175 0.47104247031249996 0.6030927828125 0.4324324328125 0.5618556703124999 0.37837837812499997 0.55670103125 0.33204633281249996 0.59793814375 0.3204633203125 0.654639175 0.3513513515625 0.7268041234375 0.39382239375 0.6701030921875 0.478764478125 0.654639175
3 0.4980694984375 0.7061855671874999 0.47104247031249996 0.664948453125 0.4169884171875 0.6597938140624999 0.359073359375 0.721649484375 0.3552123546875 0.778350515625 0.40540540468749997 0.845360825 0.4324324328125 0.7525773203125 0.4980694984375 0.7061855671874999
3 0.4980694984375 0.8144329890625001 0.5289575296875 0.742268040625 0.50579150625 0.721649484375 0.46332046406250005 0.7319587624999999 0.4169884171875 0.798969071875 0.42084942031250006 0.8865979375 0.4517374515625 0.912371134375 0.49420849375 0.9072164953125 0.4980694984375 0.8144329890625001
3 0.590733590625 0.9587628859375 0.6023166015625 0.9381443296875001 0.5791505796875 0.8402061859375 0.5984555984375 0.757731959375 0.5482625484375 0.7371134015624999 0.50579150625 0.7938144328125001 0.4980694984375 0.8917525765625 0.5135135140625 0.9329896906249999 0.540540540625 0.9639175249999999 0.590733590625 0.9587628859375
3 0.691119690625 0.9381443296875001 0.702702703125 0.9072164953125 0.6640926640625 0.82474226875 0.6602316609375001 0.742268040625 0.625482625 0.7371134015624999 0.5868725875 0.7886597937500001 0.5830115828125 0.8711340203125 0.6023166015625 0.9278350515625 0.640926640625 0.9639175249999999 0.691119690625 0.9381443296875001
3 0.7606177609375 0.9175257734375 0.7799227796875 0.876288659375 0.7722007718749999 0.8298969078124999 0.6988416984375 0.7113402062499999 0.6679536671874999 0.7319587624999999 0.6640926640625 0.798969071875 0.6795366796875 0.855670103125 0.70656370625 0.9020618562499999 0.7606177609375 0.9175257734375
3 0.8378378375000001 0.8041237109375 0.8416988421875 0.721649484375 0.7799227796875 0.6958762890625 0.741312740625 0.6494845359375 0.71814671875 0.664948453125 0.70656370625 0.721649484375 0.7567567562499999 0.8041237109375 0.7876447875 0.82474226875 0.8378378375000001 0.8041237109375
3 0.8764478765625 0.6855670109374999 0.8610038609374999 0.6134020625 0.8764478765625 0.5721649484375 0.86872586875 0.510309278125 0.8416988421875 0.47938144375 0.7915057921875001 0.5 0.7335907328125 0.4948453609375 0.741312740625 0.644329896875 0.8030888031250001 0.7061855671874999 0.864864865625 0.7061855671874999 0.8764478765625 0.6855670109374999
3 0.5675675671875 0.412371134375 0.6216216218749999 0.40721649531250004 0.652509653125 0.35567010312499997 0.6602316609375001 0.2835051546875 0.6216216218749999 0.2268041234375 0.5714285718750001 0.2371134015625 0.559845559375 0.257731959375 0.5791505796875 0.2835051546875 0.5830115828125 0.345360825 0.5675675671875 0.412371134375
3 0.702702703125 0.3969072171875 0.7374517375 0.335051546875 0.7258687265625 0.2628865984375 0.65637065625 0.2525773203125 0.6640926640625 0.32474226875 0.625482625 0.40721649531250004 0.6370656375 0.4175257734375 0.702702703125 0.3969072171875
3 0.7451737453125 0.29381443281249997 0.702702703125 0.40206185625 0.783783784375 0.3969072171875 0.7915057921875001 0.32474226875 0.7451737453125 0.29381443281249997
3 0.741312740625 0.4948453609375 0.8146718140625 0.4845360828125 0.8378378375000001 0.45876288593750003 0.8378378375000001 0.4278350515625 0.7953667953125 0.3917525765625 0.7335907328125 0.44329896875 0.70656370625 0.44329896875 0.7104247109374999 0.463917525 0.741312740625 0.4948453609375