8 0.1648327765625 0.903023809375 0.240615384375 0.940696428125 0.2673612046875 0.9387142859375001 0.262903009375 0.8336190468750001 0.25510367968750003 0.7602559531249999 0.232816053125 0.6888690468750001 0.1915819390625 0.70275 0.13251505 0.7443928578125 0.0578494984375 0.797928571875 0.0734515046875 0.8375892859375 0.1235986625 0.8812083328125 0.1648327765625 0.903023809375
8 0.26402006718750004 0.79 0.2707056859375 0.8514702375000001 0.33088294375 0.841553571875 0.3732341140625 0.8058630953125 0.4222675578125 0.7662023812500001 0.45458528437499995 0.72654761875 0.41001003281250004 0.6868869046875 0.37769230781249996 0.659125 0.3899498328125 0.6254166671875 0.35874581875 0.5917083328125 0.32865551875 0.558 0.2929933109375 0.5044583328125001 0.26847491562500003 0.4727321421875 0.218327759375 0.514375 0.234672240625 0.5406726187500001 0.246187290625 0.5877440468749999 0.240615384375 0.651196428125 0.24841806093750002 0.7305119046875 0.26402006718750004 0.79
8 0.0712207359375 0.6531785718750001 0.08570902968750001 0.7067142859375 0.0968528421875 0.7622380953125 0.21721404687499998 0.6769702375 0.240615384375 0.645244046875 0.240615384375 0.5976547625 0.216096990625 0.5619642859375 0.1882374578125 0.5560178578125 0.1704046828125 0.5282559531250001 0.14811705625 0.526273809375 0.1008929765625 0.5138869046875 0.07902341093750001 0.55204761875 0.07902341093750001 0.5917083328125 0.0678795984375 0.6155 0.0712207359375 0.6531785718750001
8 0.533712375 0.99404761875 0.588317725 0.9268154765625001 0.641812709375 0.9089702375 0.677471571875 0.8851785718749999 0.6462675578125 0.8455178578125 0.6061505015625 0.7642202375 0.578287625 0.7344761906249999 0.5548862875 0.7285297625 0.49052508437500003 0.7460297625 0.4824481609375 0.8078452374999999 0.49693645468750003 0.877244046875 0.523682275 0.9525952375 0.533712375 0.99404761875
8 0.642926421875 0.337898809375 0.6964180609375 0.357726190625 0.7331939796875 0.337898809375 0.757712375 0.270476190625 0.7253946484375 0.2466845234375 0.7031036796875 0.230821428125 0.7031036796875 0.1990952375 0.7019899671875 0.15745238125 0.6685585281249999 0.15150595312499998 0.6284381265625 0.10391666718749999 0.6309933109375 0.124005953125 0.6306655515624999 0.1594345234375 0.6150635453125 0.22090476250000002 0.637354515625 0.30220238125 0.642926421875 0.337898809375
8 0.5181103671875 0.7186130953125 0.6039197328125 0.7305119046875 0.578287625 0.6630952375 0.5604581937499999 0.6115357140625 0.5325953171875 0.5500654765624999 0.5036220734375 0.4786845234375 0.469073578125 0.5361845234375 0.3988662203125 0.6115357140625 0.3854916390625 0.6710238093750001 0.457929765625 0.72257738125 0.5181103671875 0.7186130953125
8 0.2116387953125 0.35970833281250003 0.246187290625 0.3101369046875 0.29745150468750003 0.27642857187500003 0.32642809375000004 0.2427202375 0.3041371234375 0.21694047656249998 0.2707056859375 0.20107738125000002 0.24507357812500002 0.1733154765625 0.20829765937500003 0.1634047625 0.1761438125 0.17757738125 0.17374916406250002 0.23875000000000002 0.154802675 0.32599999999999996 0.1648327765625 0.3874702375 0.2116387953125 0.35970833281250003
8 0.1848929765625 0.5361845234375 0.226127090625 0.57782738125 0.242842809375 0.5480833328125 0.214983278125 0.508428571875 0.25510367968750003 0.4727321421875 0.25733110312499996 0.4310952375 0.242842809375 0.383505953125 0.21386956562499998 0.35970833281250003 0.15273244218749998 0.3799583328125 0.10688294375 0.4548869046875 0.0801371234375 0.502476190625 0.12917391250000002 0.5223095234375 0.1848929765625 0.5361845234375
8 0.438983278125 0.29427380937500003 0.4724180609375 0.256601190625 0.4835618734375 0.2268571421875 0.459043478125 0.18125 0.424498328125 0.1594345234375 0.3977491640625 0.15150595312499998 0.3743478265625 0.195130953125 0.35763210624999997 0.1852142859375 0.33199999999999996 0.252630953125 0.34336789375 0.234125 0.35763210624999997 0.29427380937500003 0.37211705624999997 0.35970833281250003 0.3821471578125 0.3854880953125 0.438983278125 0.29427380937500003
8 0.5013913046875 0.224875 0.4724180609375 0.28832738125 0.48133444843750006 0.3299642859375 0.5359398 0.33392857187499997 0.5894314375 0.357726190625 0.6195217390625001 0.3716071421875 0.642926421875 0.36367261875 0.6195217390625001 0.2605654765625 0.6083779265625 0.21495833281249999 0.6161806015625 0.1772797625 0.5927759203125 0.1475416671875 0.5158795984375 0.062273809375 0.4935919734375 0.10193452343750001 0.46015719062500005 0.15745238125 0.4791036796875 0.2427202375 0.5025083609375 0.15745238125 0.5013913046875 0.224875
8 0.41780936406249997 0.9882857140624999 0.450130434375 0.99404761875 0.4713043484375 0.966476190625 0.48467558593750004 0.877244046875 0.48467558593750004 0.815773809375 0.48133444843750006 0.7245595234375 0.446785953125 0.7324940468750001 0.3988662203125 0.7741369046875 0.32497324375000003 0.844244046875 0.3085953171875 0.905005953125 0.32642809375000004 0.9506130953125 0.35985953125000003 0.9625119046874999 0.41780936406249997 0.9882857140624999
8 0.6953043484375 0.85345238125 0.7276220734375001 0.839571428125 0.75436789375 0.7344761906249999 0.75102675625 0.6611071421875 0.75214046875 0.607571428125 0.73988294375 0.607571428125 0.697531771875 0.6174880953125 0.677471571875 0.6254166671875 0.6284381265625 0.633351190625 0.6094916390625 0.647226190625 0.6008929765625 0.6894821421875 0.6094916390625 0.79 0.6328963203125 0.8316369046875 0.6953043484375 0.85345238125
8 0.6161806015625 0.5917083328125 0.655183946875 0.6174880953125 0.6897324421875 0.5996369046875001 0.7175919734375 0.565928571875 0.6941906359375001 0.5104107140624999 0.655183946875 0.4727321421875 0.6161806015625 0.4489404765625 0.5872040140625 0.48859523749999995 0.532331103125 0.5406726187500001 0.56268561875 0.6135178578125 0.5972341140624999 0.583773809375 0.6161806015625 0.5917083328125
8 0.2718193984375 0.34186309531250003 0.25175919687500004 0.3934166671875 0.2829632109375 0.43307738125000006 0.32642809375000004 0.4033333328125 0.34982943125 0.39143452343749996 0.37100334375 0.41523214218750004 0.3866053515625 0.3854880953125 0.35763210624999997 0.2407380953125 0.3520602 0.2605654765625 0.33757190625 0.27642857187500003 0.3108260875 0.2843571421875 0.2840769234375 0.2982380953125 0.2718193984375 0.34186309531250003
8 0.41112374531249996 0.4172142859375 0.3866053515625 0.45092261875000006 0.3910635453125 0.5361845234375 0.40332107031250003 0.607571428125 0.5013913046875 0.48463095312500004 0.5192240796875 0.500494046875 0.5181103671875 0.395398809375 0.4891337796875 0.41325 0.451244146875 0.4172142859375 0.41112374531249996 0.4172142859375