8 0.99555555625 0.7911111109375 0.8711111109375 0.777777778125 0.862222221875 0.79555555625 0.91555555625 0.902222221875 0.99555555625 0.8888888890625 0.99555555625 0.7911111109375
8 0.99555555625 0.4533333328125 0.8577777781249999 0.47555555624999996 0.8888888890625 0.5866666671874999 0.9466666671875 0.6311111109375 0.99555555625 0.64 0.99555555625 0.4533333328125
8 0.76444444375 0.63555555625 0.8311111109375 0.6311111109375 0.8400000000000001 0.577777778125 0.8177777781250001 0.5288888890625 0.7511111109375 0.48 0.6888888890625 0.48444444375 0.68444444375 0.5555555562500001 0.7066666671874999 0.5733333328125 0.76444444375 0.5599999999999999 0.76444444375 0.63555555625
8 0.99555555625 0.777777778125 0.9911111109374999 0.6888888890625 0.8711111109375 0.6666666671875 0.8577777781249999 0.6799999999999999 0.8088888890625 0.67555555625 0.67555555625 0.6088888890625 0.6666666671875 0.64444444375 0.72 0.8133333328125 0.8977777781249999 0.7511111109375 0.99555555625 0.777777778125
8 0.6711111109375001 0.52 0.622222221875 0.462222221875 0.5866666671874999 0.5066666671875 0.5599999999999999 0.56444444375 0.5688888890625 0.5911111109375 0.6933333328125 0.577777778125 0.6711111109375001 0.52
8 0.5688888890625 0.5333333328125 0.577777778125 0.44444444375 0.5466666671875 0.44888888906249996 0.502222221875 0.4933333328125 0.5111111109375 0.5599999999999999 0.5511111109375 0.56444444375 0.5688888890625 0.5333333328125
8 0.4711111109375 0.382222221875 0.43555555625000003 0.4 0.43555555625000003 0.4266666671875 0.497777778125 0.48444444375 0.5555555562500001 0.4311111109375 0.4711111109375 0.382222221875
8 0.7466666671875 0.457777778125 0.7288888890624999 0.4 0.6711111109375001 0.36 0.577777778125 0.3866666671875 0.577777778125 0.42222222187499997 0.6133333328125 0.4533333328125 0.6711111109375001 0.47555555624999996 0.7466666671875 0.457777778125
8 0.662222221875 0.3288888890625 0.622222221875 0.24444444375000002 0.497777778125 0.32 0.48444444375 0.35111111093749997 0.5288888890625 0.3866666671875 0.6088888890625 0.37333333281250003 0.662222221875 0.3288888890625
8 0.6 0.737777778125 0.5511111109375 0.622222221875 0.382222221875 0.79555555625 0.382222221875 0.8177777781250001 0.44000000000000006 0.8444444437499999 0.5733333328125 0.8577777781249999 0.6 0.737777778125
8 0.4888888890625 0.5688888890625 0.3688888890625 0.63555555625 0.377777778125 0.72 0.44888888906249996 0.72 0.5511111109375 0.577777778125 0.4888888890625 0.5688888890625
8 0.4888888890625 0.48444444375 0.42222222187499997 0.4266666671875 0.3288888890625 0.577777778125 0.3288888890625 0.6 0.37333333281250003 0.6044444437500001 0.502222221875 0.5599999999999999 0.4888888890625 0.48444444375
8 0.3688888890625 0.5066666671875 0.4 0.3911111109375 0.377777778125 0.377777778125 0.1911111109375 0.40888888906250004 0.1866666671875 0.462222221875 0.21777777812500002 0.5466666671875 0.27999999999999997 0.577777778125 0.3688888890625 0.5066666671875
8 0.4266666671875 0.1066666671875 0.36 0.102222221875 0.36444444374999996 0.15111111093750001 0.457777778125 0.3066666671875 0.56444444375 0.177777778125 0.4266666671875 0.1066666671875
8 0.32444444375 0.1866666671875 0.27999999999999997 0.2133333328125 0.21777777812500002 0.31555555625 0.21777777812500002 0.36444444374999996 0.44888888906249996 0.37333333281250003 0.41777777812499994 0.30222222187500003 0.32444444375 0.1866666671875
8 0.9911111109374999 0.6888888890625 0.8888888890625 0.6799999999999999 0.8666666671875 0.7022222218749999 0.8711111109375 0.7333333328125 0.99555555625 0.777777778125 0.9911111109374999 0.6888888890625