8 0.4980694984375 0.2680412375 0.52814671875 0.194711340625 0.5791505796875 0.17525773125 0.5791505796875 0.1494845359375 0.55598455625 0.123711340625 0.4169884171875 0.123711340625 0.4131274125 0.144329896875 0.44015444062500003 0.17525773125 0.43629343593750003 0.2680412375 0.4980694984375 0.2680412375
8 0.277992278125 0.1855670109375 0.2046332046875 0.1855670109375 0.18918918906249999 0.2061855671875 0.18918918906249999 0.335051546875 0.2509652515625 0.31958762812499997 0.28185328125 0.2371134015625 0.277992278125 0.1855670109375
8 0.1583011578125 0.1855670109375 0.10810810781249999 0.1494845359375 0.08880308906249999 0.15979381406249998 0.08880308906249999 0.201030928125 0.057915057812500004 0.2525773203125 0.06177606249999999 0.3298969078125 0.16216216249999998 0.31958762812499997 0.18146718125 0.29381443281249997 0.1583011578125 0.1855670109375
8 0.40154440156250004 0.2835051546875 0.428571428125 0.2731958765625 0.4324324328125 0.1701030921875 0.37451737500000004 0.15979381406249998 0.297297296875 0.19072165000000002 0.29343629375 0.21649484531250002 0.33204633281249996 0.2835051546875 0.4131274125 0.34020618593749996 0.40154440156250004 0.2835051546875
8 0.55598455625 0.38659793750000004 0.521235521875 0.2835051546875 0.42084942031250006 0.278350515625 0.409266409375 0.3041237109375 0.4517374515625 0.38144329843749997 0.5019305015625 0.3969072171875 0.55598455625 0.38659793750000004
8 0.6332046328125001 0.30927835 0.6795366796875 0.2525773203125 0.6216216218749999 0.19587628906250001 0.5289575296875 0.19072165000000002 0.525096525 0.2628865984375 0.559845559375 0.35567010312499997 0.590733590625 0.3041237109375 0.6332046328125001 0.30927835
8 0.5096525093750001 0.47938144375 0.50579150625 0.4226804125 0.4517374515625 0.38659793750000004 0.409266409375 0.376288659375 0.37451737500000004 0.412371134375 0.359073359375 0.4484536078125 0.4169884171875 0.4948453609375 0.5019305015625 0.4948453609375 0.5096525093750001 0.47938144375
8 0.38223938281250003 0.3917525765625 0.3359073359375 0.29381443281249997 0.28185328125 0.278350515625 0.2625482625 0.3298969078125 0.258687259375 0.3711340203125 0.3127413125 0.47938144375 0.347490346875 0.453608246875 0.38223938281250003 0.3917525765625
8 0.2625482625 0.3969072171875 0.21621621562499999 0.35567010312499997 0.19305019375000002 0.35567010312499997 0.166023165625 0.3917525765625 0.127413128125 0.4845360828125 0.1389961390625 0.510309278125 0.1737451734375 0.47938144375 0.3011583015625 0.4948453609375 0.2625482625 0.3969072171875
8 0.15057915 0.4226804125 0.1698841703125 0.3298969078125 0.015444015624999998 0.345360825 0.007722007812499999 0.4742268046875 0.0231660234375 0.5257731953125 0.038610039062500004 0.5257731953125 0.15057915 0.4226804125
8 0.7335907328125 0.2268041234375 0.640926640625 0.3041237109375 0.6370656375 0.3298969078125 0.702702703125 0.412371134375 0.8262548265625 0.38659793750000004 0.7335907328125 0.2268041234375
8 0.5868725875 0.3917525765625 0.5637065640625 0.3917525765625 0.5135135140625 0.47938144375 0.5096525093750001 0.530927834375 0.6177606171875001 0.5927835046875 0.6216216218749999 0.5 0.5868725875 0.3917525765625
8 0.6988416984375 0.4948453609375 0.7258687265625 0.45876288593750003 0.6216216218749999 0.298969071875 0.5945945953125 0.3041237109375 0.5791505796875 0.335051546875 0.5675675671875 0.376288659375 0.590733590625 0.38659793750000004 0.6370656375 0.5257731953125 0.6988416984375 0.4948453609375
8 0.6138996140625 0.654639175 0.575289575 0.567010309375 0.525096525 0.536082475 0.50579150625 0.546391753125 0.48648648593750005 0.7268041234375 0.5521235515625 0.742268040625 0.60617760625 0.721649484375 0.6138996140625 0.654639175
8 0.5019305015625 0.644329896875 0.50579150625 0.5618556703124999 0.4826254828125 0.530927834375 0.39382239375 0.5927835046875 0.3706563703125 0.6391752578125 0.4169884171875 0.6855670109374999 0.46332046406250005 0.6855670109374999 0.5019305015625 0.644329896875
8 0.3667953671875 0.6288659796875 0.43629343593750003 0.546391753125 0.389961390625 0.469072165625 0.359073359375 0.453608246875 0.3204633203125 0.4845360828125 0.29343629375 0.5412371140625 0.29343629375 0.6082474234374999 0.3166023171875 0.654639175 0.34362934375 0.623711340625 0.3667953671875 0.6288659796875
8 0.277992278125 0.6134020625 0.3011583015625 0.510309278125 0.19305019375000002 0.4845360828125 0.16216216249999998 0.5051546390625 0.1544401546875 0.6185567015625 0.1737451734375 0.6804123718749999 0.22007722031250002 0.59793814375 0.277992278125 0.6134020625
8 0.1544401546875 0.6597938140624999 0.146718146875 0.567010309375 0.127413128125 0.5257731953125 0.06177606249999999 0.4948453609375 0.038610039062500004 0.5412371140625 0.046332046875 0.644329896875 0.084942084375 0.6958762890625 0.135135134375 0.721649484375 0.1544401546875 0.6597938140624999
8 0.2393822390625 0.6082474234374999 0.22007722031250002 0.6082474234374999 0.1853281859375 0.67525773125 0.1853281859375 0.82474226875 0.2702702703125 0.8144329890625001 0.3127413125 0.6804123718749999 0.2393822390625 0.6082474234374999
8 0.478764478125 0.7680412375000001 0.4826254828125 0.7319587624999999 0.42084942031250006 0.701030928125 0.359073359375 0.6391752578125 0.308880309375 0.7061855671874999 0.28957528906249996 0.7835051546875 0.28957528906249996 0.8608247421874999 0.33976833906250004 0.8659793812500001 0.428571428125 0.82474226875 0.478764478125 0.7680412375000001