8 0.590163934375 0.16363636406249998 0.6120218578125 0.16 0.64480874375 0.13818181875 0.63387978125 0.11636363593750002 0.5573770484375 0.032727273437499996 0.5136612015625001 0.032727273437499996 0.4808743171875 0.1345454546875 0.5245901640625 0.16 0.5683060109375 0.1454545453125 0.590163934375 0.16363636406249998
8 0.765027321875 0.189090909375 0.73770491875 0.10181818125 0.7103825140625 0.09818181875000001 0.595628415625 0.1672727265625 0.6885245906249999 0.250909090625 0.72677595625 0.1927272734375 0.765027321875 0.189090909375
8 0.7595628421875 0.1854545453125 0.721311475 0.2036363640625 0.6885245906249999 0.269090909375 0.7486338796875 0.3127272734375 0.90163934375 0.3054545453125 0.7595628421875 0.1854545453125
8 0.5191256828124999 0.16363636406249998 0.43715847031250005 0.090909090625 0.40983606562499997 0.0945454546875 0.3606557375 0.2072727265625 0.3934426234375 0.24363636406250003 0.45901639375 0.24363636406250003 0.5191256828124999 0.16363636406249998
8 0.6393442625 0.2254545453125 0.5573770484375 0.1454545453125 0.4699453546875 0.250909090625 0.4699453546875 0.27272727343750003 0.5245901640625 0.29454545468750004 0.601092896875 0.28363636406250003 0.6393442625 0.2254545453125
8 0.6502732234375 0.2363636359375 0.6284153 0.24363636406250003 0.584699453125 0.3054545453125 0.595628415625 0.370909090625 0.7923497265624999 0.3672727265625 0.6502732234375 0.2363636359375
8 0.3825136609375 0.26181818125 0.34426229531249997 0.1745454546875 0.31147540937499996 0.16 0.2950819671875 0.1672727265625 0.1748633875 0.290909090625 0.18032786875 0.3054545453125 0.3333333328125 0.3054545453125 0.3825136609375 0.26181818125
8 0.48633879843749994 0.349090909375 0.5300546453125 0.309090909375 0.45901639375 0.2654545453125 0.398907103125 0.250909090625 0.3005464484375 0.34181818124999996 0.2950819671875 0.36 0.31147540937499996 0.3636363640625 0.43715847031250005 0.3672727265625 0.48633879843749994 0.349090909375
8 0.5245901640625 0.39272727343749997 0.56732786875 0.37408 0.601092896875 0.410909090625 0.5792349734375 0.309090909375 0.5519125687499999 0.3054545453125 0.4808743171875 0.3563636359375 0.3715847 0.4036363640625 0.3606557375 0.42181818125000003 0.45355191250000004 0.43636363593749994 0.48633879843749994 0.43636363593749994 0.5245901640625 0.39272727343749997
8 0.5792349734375 0.3745454546875 0.5300546453125 0.37818181875 0.415300546875 0.5054545453125 0.40983606562499997 0.5163636359375 0.4426229515625 0.5236363640625 0.6830601093750001 0.5272727265625 0.5792349734375 0.3745454546875
8 0.3497267765625 0.6581818187499999 0.08743169375 0.690909090625 0.0765027328125 0.709090909375 0.224043715625 0.8036363640624999 0.2513661203125 0.8036363640624999 0.3497267765625 0.6581818187499999
8 0.5573770484375 0.5963636359375 0.5464480875 0.61818181875 0.584699453125 0.7563636359375 0.7978142078125 0.6618181812499999 0.5573770484375 0.5963636359375
8 0.8360655734375 0.7527272734375 0.7049180328125 0.709090909375 0.7431693984375001 0.890909090625 0.765027321875 0.9127272734374999 0.961748634375 0.7745454546875 0.8360655734375 0.7527272734375