8 0.32910033437499997 0.32158928593749997 0.3520301 0.2926666671875 0.36254180625 0.2212202375 0.378782609375 0.197398809375 0.32871571875 0.1428571421875 0.320501671875 0.19229761875 0.3080836125 0.26204761875 0.31190300937500004 0.30967857187500003 0.32910033437499997 0.32158928593749997
8 0.29948494999999997 0.42705952343750003 0.3185919734375 0.442375 0.361585284375 0.45257738124999997 0.370183946875 0.42536309531249994 0.38164882968749997 0.3624166671875 0.362160534375 0.31292261875 0.31190300937500004 0.34540476249999996 0.28037458125 0.39814285781250003 0.29948494999999997 0.42705952343750003
8 0.3510769234375 0.5801666671875 0.378782609375 0.49510714218749996 0.38164882968749997 0.450880953125 0.32145819375 0.44067261875 0.29168561875 0.4532321421875 0.3042608703125 0.5393392859375 0.33005685625000003 0.61929761875 0.3405652171875 0.597178571875 0.3510769234375 0.5801666671875
8 0.38642474843749997 0.692446428125 0.40840133749999996 0.7162619046875001 0.4227324421875 0.721369046875 0.4227324421875 0.6703333328125 0.43037458125 0.59207738125 0.4361070234375 0.5257321421875 0.40457859531249996 0.5019166671875 0.37888294375 0.5 0.337698996875 0.626101190625 0.3663612046875 0.668630953125 0.38642474843749997 0.692446428125
8 0.370183946875 0.44067261875 0.3912040140625 0.4644880953125 0.41890969843750003 0.476398809375 0.4351505015625 0.48320238125000003 0.44757190625 0.46619047656249996 0.4494816046875 0.3998452375 0.45426087031250006 0.3624166671875 0.45139464843750005 0.340303571875 0.42188294375 0.31079761875 0.40840133749999996 0.33179761874999997 0.3873812703125 0.372625 0.3759163875 0.41004761875 0.370183946875 0.44067261875
8 0.3720936453125 0.3471071421875 0.3959799328125 0.376023809375 0.41604347812500003 0.32158928593749997 0.4361070234375 0.350505953125 0.44183946562500004 0.296071428125 0.4590367890625 0.2518392859375 0.43897324375 0.2450357140625 0.4103110375 0.22632142812499997 0.38365886250000003 0.20450595312500003 0.35776254218750003 0.26714880937499996 0.3596755859375 0.307976190625 0.3720936453125 0.3471071421875
8 0.455214046875 0.445773809375 0.5020301 0.3930357140625 0.53451505 0.350505953125 0.502986621875 0.296071428125 0.4684648828125 0.25552976250000003 0.45999331093749996 0.2586428578125 0.44757190625 0.3828333328125 0.455214046875 0.445773809375
8 0.5431137125000001 0.5342380953125 0.5851505015625 0.5716607140625001 0.605214046875 0.5937797625 0.6329197328125 0.5767678578125001 0.6434314375 0.512119046875 0.652983278125 0.4559821421875 0.58897324375 0.42536309531249994 0.5640234109375 0.40646428593749995 0.5478896328125 0.4219583328125 0.5383344484375 0.48320238125000003 0.5431137125000001 0.5342380953125
8 0.45808026718750006 0.46108333281249997 0.4819665546875 0.4934107140625 0.5068060203125 0.5376369046875 0.5383344484375 0.559755953125 0.5450234109375 0.4985119046875 0.5461070234375 0.4085892859375 0.5306923078125 0.41345238125000006 0.49725418125000004 0.41345238125000006 0.47719063593750005 0.43897023749999997 0.45808026718750006 0.46108333281249997
8 0.548846153125 0.6567202375 0.5402474921875 0.620994046875 0.533558528125 0.5784642859375 0.49725418125000004 0.622696428125 0.45139464843750005 0.6175952375 0.4255986625 0.6363095234375 0.43575209375 0.6987690125 0.45999331093749996 0.74007738125 0.4848327765625 0.76729761875 0.5077625421875 0.7724047625 0.5364247484375 0.7434821421875 0.548846153125 0.7111607140625 0.548846153125 0.6567202375
8 0.5297357859375 0.6329047625 0.5622207359375 0.7230654765625 0.6033043484375 0.7502857140625 0.6262341140625 0.721369046875 0.6548963203125 0.6703333328125 0.668270903125 0.6550178578125 0.6858561875 0.6254226187499999 0.5985250843750001 0.5801666671875 0.5373812703125 0.5461428578125 0.5297357859375 0.6329047625
8 0.7179531765625 0.90679761875 0.7189063546875001 0.869369046875 0.7103076921875 0.7094583328125 0.7103076921875 0.668630953125 0.6615819390625 0.738380953125 0.6205016718749999 0.7928154765625 0.6010501671874999 0.8316309531250001 0.62145485 0.8642678578125 0.6462976593749999 0.8829821421874999 0.6940668890625 0.90679761875 0.7179531765625 0.90679761875
8 0.72368561875 0.7281726187500001 0.761899665625 0.7162619046875001 0.8048929765624999 0.7162619046875001 0.8001170562500001 0.6720297625 0.7685886281250001 0.6056845234375 0.7275050171874999 0.590375 0.6966086953125 0.6105416671875 0.690244146875 0.6737321421875 0.7045752515625 0.70095238125 0.72368561875 0.7281726187500001
8 0.8134916390625 0.5937797625 0.7953411375 0.5546488093749999 0.7800535109375 0.48830357187500006 0.76763210625 0.4372678578125 0.74088294375 0.474696428125 0.7181070234375 0.508505953125 0.7456588625 0.5665595234375 0.7685886281250001 0.581869046875 0.8134916390625 0.5937797625
8 0.627187290625 0.197398809375 0.59757190625 0.24673809531250002 0.55648829375 0.26204761875 0.534160534375 0.2874166671875 0.5631772578125 0.340303571875 0.5956588625 0.31648214218750004 0.622411371875 0.2603452375 0.627187290625 0.197398809375
8 0.652983278125 0.4355654765625 0.674959865625 0.3862321421875 0.6797357859375001 0.37092261875 0.6568060203125 0.340303571875 0.611903009375 0.3147857140625 0.5950802671875 0.2959166671875 0.604257525 0.377726190625 0.60617056875 0.4151547625 0.6281438125000001 0.44747619062500005 0.652983278125 0.4355654765625
8 0.5230501671875001 0.30967857187500003 0.52400334375 0.30457738125 0.5402474921875 0.265446428125 0.54979933125 0.23312499999999997 0.5469331109375 0.20250595312500003 0.5459799328125 0.20250595312500003 0.5173177250000001 0.21271428593750003 0.4915217390625 0.22972619062500002 0.4768260875 0.25552976250000003 0.5001204015625 0.2892678578125 0.511585284375 0.3062797625 0.5230501671875001 0.30967857187500003
8 0.66731438125 0.34199999999999997 0.6969331109375 0.32158928593749997 0.6959765890625 0.27735714218749996 0.6548963203125 0.23312499999999997 0.6310100328125 0.2501369046875 0.6166789296874999 0.294369046875 0.6548963203125 0.3232916671875 0.66731438125 0.34199999999999997
8 0.68260200625 0.4627857140625 0.6806923078125 0.4780952375 0.6806923078125 0.4968095234375 0.71508695625 0.5019166671875 0.76954515 0.450880953125 0.7743210703125001 0.41174999999999995 0.726468228125 0.327803571875 0.71508695625 0.34370238125 0.6931103671875001 0.372625 0.685468228125 0.41345238125000006 0.68260200625 0.4627857140625
8 0.5715898734375 0.3494770234375 0.5717759203125 0.35561309531249996 0.5851505015625 0.404946428125 0.6033043484375 0.42705952343750003 0.6071237453125 0.350505953125 0.59757190625 0.31138095312499997 0.5715898734375 0.3494770234375