8 0.92444444375 0.657777778125 0.8933333328125 0.6044444437500001 0.7466666671875 0.5733333328125 0.67555555625 0.577777778125 0.67555555625 0.63555555625 0.76444444375 0.6711111109375001 0.7911111109375 0.71555555625 0.92444444375 0.657777778125
8 0.19555555625 0.8488888890625 0.004444443750000001 0.9199999999999999 0 0.99555555625 0.2888888890625 0.99555555625 0.2311111109375 0.8755555562499999 0.19555555625 0.8488888890625
8 0.35111111093749997 0.7511111109375 0.3066666671875 0.7022222218749999 0.2711111109375 0.6933333328125 0.057777778125 0.7911111109375 0.057777778125 0.8088888890625 0.177777778125 0.8311111109375 0.342222221875 0.7688888890625 0.35111111093749997 0.7511111109375
8 0.48 0.99555555625 0.377777778125 0.7688888890625 0.2888888890625 0.782222221875 0.222222221875 0.8133333328125 0.20444444375 0.8311111109375 0.2711111109375 0.92444444375 0.4 0.99555555625 0.48 0.99555555625
8 0.4533333328125 0.5733333328125 0.37333333281250003 0.52444444375 0.32 0.5511111109375 0.2133333328125 0.6533333328125 0.20888888906249997 0.67555555625 0.2488888890625 0.6933333328125 0.5288888890625 0.6533333328125 0.4533333328125 0.5733333328125
8 0.4888888890625 0.8755555562499999 0.4711111109375 0.8222222218749999 0.5288888890625 0.7066666671874999 0.5288888890625 0.662222221875 0.3333333328125 0.6799999999999999 0.32444444375 0.7066666671874999 0.35555555625 0.7466666671875 0.43555555625000003 0.8400000000000001 0.4888888890625 0.8755555562499999
8 0.8355555562499999 0.8133333328125 0.7688888890625 0.68444444375 0.72 0.64444444375 0.6799999999999999 0.6488888890625 0.6711111109375001 0.6666666671875 0.657777778125 0.7511111109375 0.7911111109375 0.8266666671875 0.8266666671875 0.8311111109375 0.8355555562499999 0.8133333328125
8 0.6533333328125 0.737777778125 0.6711111109375001 0.657777778125 0.657777778125 0.5911111109375 0.56444444375 0.542222221875 0.48444444375 0.5511111109375 0.462222221875 0.5555555562500001 0.5377777781249999 0.6533333328125 0.617777778125 0.7288888890624999 0.6533333328125 0.737777778125
8 0.24 0.222222221875 0.29333333281249996 0.12444444375 0.2711111109375 0.0933333328125 0.137777778125 0.062222221875 0.0933333328125 0.0666666671875 0.07555555625 0.11555555625 0.0711111109375 0.35111111093749997 0.1288888890625 0.35555555625 0.222222221875 0.3111111109375 0.24 0.222222221875
8 0.3688888890625 0.36444444374999996 0.4266666671875 0.177777778125 0.35111111093749997 0.1288888890625 0.30222222187500003 0.1288888890625 0.27555555625 0.15111111093750001 0.23555555625000002 0.2666666671875 0.2133333328125 0.382222221875 0.2133333328125 0.41777777812499994 0.2311111109375 0.43555555625000003 0.3688888890625 0.36444444374999996
8 0.8711111109375 0.23555555625000002 0.8933333328125 0.1911111109375 0.99555555625 0.12 0.99555555625 0.0666666671875 0.8888888890625 0.013333332812500001 0.763342221875 0 0.7108666671874999 0.0462133328125 0.688857778125 0.1173466671875 0.7733333328125 0.222222221875 0.7511111109375 0.27999999999999997 0.8711111109375 0.23555555625000002
8 0.76444444375 0.24444444375000002 0.76 0.20444444375 0.6933333328125 0.137777778125 0.5511111109375 0.07555555625 0.52 0.0933333328125 0.5111111109375 0.14666666718750002 0.5599999999999999 0.1866666671875 0.7111111109375 0.27999999999999997 0.76444444375 0.24444444375000002
8 0.7022222218749999 0.37333333281250003 0.737777778125 0.337777778125 0.737777778125 0.31555555625 0.63555555625 0.222222221875 0.457777778125 0.13333333281249998 0.36 0.4311111109375 0.35555555625 0.4711111109375 0.377777778125 0.4888888890625 0.56444444375 0.46666666718750005 0.7022222218749999 0.37333333281250003