4 0.20789090937500002 0.63674316875 0.2240472734375 0.723715846875 0.23481818125 0.7641693984375 0.2671272734375 0.8046229515625001 0.3465636359375 0.8329398906250001 0.3734872734375 0.7661912562500001 0.3734872734375 0.8450710375 0.4058 0.9158633875 0.4488836359375 0.944180328125 0.526970909375 0.9704754093749999 0.6050545453125 0.8754153 0.6373672734375 0.8005737703125 0.64006181875 0.7277595625 0.6171745453125 0.6630382515625 0.6750654546875 0.6832622953125 0.68314181875 0.7055136609375 0.7369963640625 0.723715846875 0.7585381812499999 0.6953989078125 0.8056581812499999 0.6569672125 0.8245054546875 0.5962896171875001 0.8460472734375 0.5113387984375 0.8285454546875 0.4243661203125 0.8029672734375 0.38391256875 0.765269090625 0.3515519125 0.67372 0.359644809375 0.6239054546875 0.3960491796875 0.6454472734375 0.31919125625 0.6616036359375 0.218060109375 0.6306363640625 0.135131146875 0.61852 0.0704098359375 0.5727454546875 0.0319781421875 0.5283163640625 0.0238852453125 0.461 0.0582732234375 0.43003272656249997 0.1169289625 0.416570909375 0.15738251406249998 0.37752727343750003 0.114907103125 0.3519454546875 0.082540984375 0.2684763640625 0.12097267812500001 0.245589090625 0.12501639375 0.1890436359375 0.218060109375 0.17238909062500002 0.29953551875 0.2132763640625 0.44256830625 0.2671272734375 0.503251365625 0.2173163640625 0.555836065625 0.20789090937500002 0.63674316875
4 0.5040836359374999 0.6205628421875 0.5687054546875 0.5962896171875001 0.629290909375 0.54370491875 0.6252509093749999 0.46481967187500006 0.6117890906250001 0.38796174843750003 0.574090909375 0.3414371578125 0.54581818125 0.2827814203125 0.5135054546875 0.276715846875 0.48254181875 0.2625573765625 0.4488836359375 0.27267213125 0.42868727343749996 0.309076503125 0.38021818125 0.3576229515625 0.37214181874999996 0.42234426249999996 0.3685926 0.42451694531250006 0.3815672734375 0.5113387984375 0.40714545468749996 0.561907103125 0.43811272656250005 0.6084262296875 0.4758072734375 0.60236065625 0.4933127265625 0.582131146875 0.5040836359374999 0.6205628421875
4 0.3667563640625 0.7500109296875 0.36580180625000003 0.7629248 0.3748363640625 0.7055136609375 0.3667563640625 0.7500109296875
4 0.357330909375 0.8167540984375 0.3640654546875 0.7864153 0.36580180625000003 0.7629248 0.357330909375 0.8167540984375
4 0.44713818125 0.2661420765625 0.4408036359375 0.2403060109375 0.42195636406250003 0.1776065578125 0.40984 0.1533333328125 0.44713818125 0.2661420765625
4 0.3048254546875 0.3657103828125 0.3452145453125 0.36975409843749996 0.3519454546875 0.3110983609375 0.3492545453125 0.2625573765625 0.3077454546875 0.247923496875 0.2805927265625 0.27469398906250003 0.26578181875 0.33132786875 0.3048254546875 0.3657103828125
4 0.49061818125 0.26053551875 0.5390872734375 0.276715846875 0.5646654546875001 0.2463770484375 0.55928 0.169519125 0.5279454546875 0.1356010921875 0.47850181875000003 0.171540984375 0.47715636406249995 0.2241256828125 0.49061818125 0.26053551875
4 0.70737818125 0.5841530046875001 0.74642181875 0.54370491875 0.7437272734375 0.49515847031250004 0.7077454546874999 0.46043169375000004 0.6669854546875 0.4992021859375 0.676410909375 0.55179235 0.70737818125 0.5841530046875001
4 0.5175454546875 0.4749344265625 0.52966181875 0.4122295078125 0.5016836359375 0.37239344218750003 0.467730909375 0.4122295078125 0.48792727343750003 0.452683059375 0.5175454546875 0.4749344265625
4 0.339829090625 0.687311475 0.38021818125 0.6205628421875 0.3380472734375 0.6031147546875 0.3344436359375 0.614491803125 0.314250909375 0.677196721875 0.339829090625 0.687311475
4 0.5094654546874999 0.8470983609375 0.5390872734375 0.7661912562500001 0.4855236359375 0.7427650265625 0.461 0.7965300546875 0.47311636406249996 0.8268688531249999 0.5094654546874999 0.8470983609375