3 0.7978142078125 0.70181818125 0.8797814203125001 0.7236363640625 0.90163934375 0.7054545453125 0.8907103828125 0.6581818187499999 0.8196721312499999 0.6363636359375 0.72677595625 0.64 0.672131146875 0.6654545453125 0.6666666671875 0.70181818125 0.6830601093750001 0.72 0.73770491875 0.70181818125 0.7978142078125 0.70181818125
3 0.8743169406250001 0.6363636359375 0.8797814203125001 0.5745454546875 0.7978142078125 0.5345454546874999 0.721311475 0.5345454546874999 0.64480874375 0.58181818125 0.6393442625 0.6327272734375 0.6612021859375 0.6581818187499999 0.7486338796875 0.6327272734375 0.8743169406250001 0.6363636359375
3 0.8797814203125001 0.5127272734375 0.8907103828125 0.4436363640625 0.857923496875 0.40727272656249996 0.8032786890624999 0.3963636359375 0.7103825140625 0.40727272656249996 0.6885245906249999 0.42181818125000003 0.672131146875 0.4945454546875 0.7103825140625 0.5272727265625 0.8306010921875 0.53818181875 0.8797814203125001 0.5127272734375
3 0.672131146875 0.52 0.672131146875 0.41818181875000004 0.584699453125 0.4 0.5136612015625001 0.44000000000000006 0.502732240625 0.4872727265625 0.5191256828124999 0.50181818125 0.6502732234375 0.509090909375 0.672131146875 0.52
3 0.8415300546875001 0.8545454546875 0.8907103828125 0.8254545453125001 0.9071038250000001 0.7963636359375 0.8852459015624999 0.74181818125 0.7978142078125 0.7054545453125 0.73770491875 0.7054545453125 0.6885245906249999 0.72 0.6393442625 0.7672727265625 0.63387978125 0.7963636359375 0.6557377046874999 0.8363636359375001 0.7486338796875 0.8727272734374999 0.8415300546875001 0.8545454546875
3 0.6666666671875 0.7236363640625 0.6557377046874999 0.669090909375 0.595628415625 0.6327272734375 0.502732240625 0.629090909375 0.4426229515625 0.6545454546875 0.464480875 0.749090909375 0.5245901640625 0.7272727265625 0.6502732234375 0.73818181875 0.6666666671875 0.7236363640625
3 0.672131146875 0.54181818125 0.6065573765625001 0.5127272734375 0.5191256828124999 0.509090909375 0.45355191250000004 0.5527272734374999 0.44808743125 0.6 0.464480875 0.62181818125 0.6120218578125 0.629090909375 0.672131146875 0.54181818125
3 0.6502732234375 0.8400000000000001 0.6284153 0.8 0.6393442625 0.749090909375 0.6120218578125 0.7345454546875 0.5245901640625 0.730909090625 0.4808743171875 0.7454545453125 0.42622950781249996 0.7927272734375 0.42622950781249996 0.8400000000000001 0.4808743171875 0.8800000000000001 0.5737704921875 0.8800000000000001 0.6502732234375 0.8400000000000001
3 0.44808743125 0.5527272734374999 0.508196721875 0.5054545453125 0.4699453546875 0.4836363640625 0.3715847 0.4836363640625 0.31147540937499996 0.530909090625 0.31147540937499996 0.58181818125 0.4316939890625 0.6254545453125 0.45355191250000004 0.61818181875 0.44808743125 0.5527272734374999
3 0.491803278125 0.48 0.5245901640625 0.41818181875000004 0.42622950781249996 0.3527272734375 0.34426229531249997 0.3672727265625 0.2950819671875 0.41454545468750004 0.2950819671875 0.45454545468749996 0.3333333328125 0.4945454546875 0.3825136609375 0.4763636359375 0.491803278125 0.48
3 0.2950819671875 0.58181818125 0.322404371875 0.50181818125 0.21857923437500001 0.46909090937500003 0.136612021875 0.4872727265625 0.09836065625 0.5163636359375 0.09836065625 0.5745454546875 0.142076503125 0.6 0.21857923437500001 0.58181818125 0.2950819671875 0.58181818125
3 0.2950819671875 0.4763636359375 0.2841530046875 0.4254545453125 0.3005464484375 0.39272727343749997 0.2841530046875 0.38181818125 0.1748633875 0.370909090625 0.125683059375 0.39272727343749997 0.10382513593750001 0.42181818125000003 0.12021857968750001 0.4872727265625 0.18579235 0.4654545453125 0.2950819671875 0.4763636359375