8 0.5733333328125 0.4533333328125 0.6088888890625 0.35111111093749997 0.6666666671875 0.2711111109375 0.6 0.2533333328125 0.5555555562500001 0.2666666671875 0.502222221875 0.32 0.51555555625 0.4311111109375 0.542222221875 0.48 0.5733333328125 0.4533333328125
8 0.51555555625 0.52 0.47555555624999996 0.35111111093749997 0.35555555625 0.47555555624999996 0.4 0.52444444375 0.502222221875 0.5511111109375 0.51555555625 0.52
8 0.6133333328125 0.5822222218750001 0.577777778125 0.46666666718750005 0.5288888890625 0.5111111109375 0.51555555625 0.5511111109375 0.52444444375 0.6311111109375 0.6977777781250001 0.68444444375 0.6133333328125 0.5822222218750001
8 0.52444444375 0.2266666671875 0.622222221875 0.008888889062499999 0.497777778125 0 0.342222221875 0.04 0.342222221875 0.08 0.40888888906250004 0.12444444375 0.48444444375 0.20888888906249997 0.52444444375 0.2266666671875
8 0.6711111109375001 0 0.622222221875 0.04444444375 0.542222221875 0.2 0.5466666671875 0.2311111109375 0.7733333328125 0.21777777812500002 0.7733333328125 0.1911111109375 0.6711111109375001 0
8 0.5599999999999999 0.2533333328125 0.5288888890625 0.23555555625000002 0.27999999999999997 0.20444444375 0.2488888890625 0.222222221875 0.342222221875 0.4311111109375 0.37333333281250003 0.462222221875 0.5599999999999999 0.2533333328125
8 0.297777778125 0.32 0.23555555625000002 0.21777777812500002 0.177777778125 0.177777778125 0.16 0.19555555625 0.07555555625 0.4311111109375 0.12444444375 0.44000000000000006 0.31555555625 0.39555555625 0.297777778125 0.32
8 0 0.5066666671875 0.0933333328125 0.6311111109375 0.177777778125 0.6533333328125 0.2311111109375 0.44000000000000006 0.013333332812500001 0.462222221875 0 0.46666666718750005 0 0.5066666671875
8 0.8533333328125 0.7111111109375 0.737777778125 0.6933333328125 0.6933333328125 0.7111111109375 0.8577777781249999 0.9066666671875 0.902222221875 0.8488888890625 0.96444444375 0.6888888890625 0.8533333328125 0.7111111109375
8 0.657777778125 0.6977777781250001 0.6266666671875 0.6799999999999999 0.5111111109375 0.68444444375 0.48 0.8 0.47555555624999996 0.8533333328125 0.52 0.9333333328125001 0.5733333328125 0.8800000000000001 0.657777778125 0.6977777781250001
8 0.8444444437499999 0.8977777781249999 0.782222221875 0.8177777781250001 0.6711111109375001 0.72 0.64444444375 0.7466666671875 0.5688888890625 0.9199999999999999 0.5688888890625 0.96444444375 0.6088888890625 0.9688888890625 0.8133333328125 0.92444444375 0.8444444437499999 0.8977777781249999
8 0.47555555624999996 0.8711111109375 0.3466666671875 0.742222221875 0.2488888890625 0.91555555625 0.24 0.937777778125 0.2711111109375 0.96 0.5111111109375 0.96444444375 0.47555555624999996 0.8711111109375
8 0.4711111109375 0.8444444437499999 0.52 0.59555555625 0.5111111109375 0.56444444375 0.457777778125 0.5599999999999999 0.3111111109375 0.6533333328125 0.3066666671875 0.6711111109375001 0.35555555625 0.7466666671875 0.44000000000000006 0.8400000000000001 0.4711111109375 0.8444444437499999
8 0.2666666671875 0.41333333281250006 0.24 0.42222222187499997 0.1911111109375 0.657777778125 0.31555555625 0.63555555625 0.43555555625000003 0.5688888890625 0.2666666671875 0.41333333281250006
8 0.3333333328125 0.737777778125 0.29333333281249996 0.67555555625 0.0888888890625 0.6533333328125 0.0711111109375 0.662222221875 0.1688888890625 0.8933333328125 0.2311111109375 0.862222221875 0.3333333328125 0.737777778125
8 0.79555555625 0.0888888890625 0.75555555625 0.13333333281249998 0.782222221875 0.21777777812500002 0.862222221875 0.2133333328125 0.8533333328125 0.0666666671875 0.79555555625 0.0888888890625