8 0 0.6266666671875 0.14666666718750002 0.657777778125 0.12 0.5866666671874999 0.08444444375 0.5511111109375 0.08444444375 0.52444444375 0.15111111093750001 0.502222221875 0.12444444375 0.4311111109375 0.1066666671875 0.43555555625000003 0 0.5377777781249999 0 0.6266666671875
8 0.91555555625 0.36444444374999996 0.9466666671875 0.12444444375 0.7066666671874999 0.24444444375000002 0.7022222218749999 0.262222221875 0.7733333328125 0.29333333281249996 0.8933333328125 0.40444444375 0.91555555625 0.36444444374999996
8 0.8222222218749999 0.30222222187500003 0.75555555625 0.29333333281249996 0.6799999999999999 0.2533333328125 0.7022222218749999 0.2888888890625 0.6977777781250001 0.32 0.657777778125 0.35111111093749997 0.6266666671875 0.342222221875 0.6266666671875 0.382222221875 0.67555555625 0.42222222187499997 0.7466666671875 0.382222221875 0.8222222218749999 0.30222222187500003
8 0.6088888890625 0.8577777781249999 0.64 0.6888888890625 0.6266666671875 0.6311111109375 0.64444444375 0.6088888890625 0.5733333328125 0.6044444437500001 0.4 0.68444444375 0.4533333328125 0.7333333328125 0.48444444375 0.71555555625 0.6088888890625 0.8577777781249999
8 0.6977777781250001 0.6133333328125 0.7066666671874999 0.5555555562500001 0.6711111109375001 0.43555555625000003 0.5688888890625 0.342222221875 0.5288888890625 0.35555555625 0.5066666671875 0.4 0.4933333328125 0.48444444375 0.5288888890625 0.5466666671875 0.59555555625 0.5599999999999999 0.6977777781250001 0.6133333328125
8 0.44000000000000006 0.14666666718750002 0.47555555624999996 0.08 0.3688888890625 0.057777778125 0.24444444375000002 0.057777778125 0.24 0.08 0.36444444374999996 0.2133333328125 0.382222221875 0.2133333328125 0.44000000000000006 0.14666666718750002
8 0.6133333328125 0 0.4888888890625 0.102222221875 0.4933333328125 0.12444444375 0.7111111109375 0.1866666671875 0.6888888890625 0 0.6133333328125 0
8 0.44888888906249996 0.36 0.41777777812499994 0.32444444375 0.37333333281250003 0.32444444375 0.2266666671875 0.42222222187499997 0.2488888890625 0.457777778125 0.4266666671875 0.542222221875 0.4533333328125 0.5377777781249999 0.44888888906249996 0.36
8 0.5066666671875 0.3688888890625 0.5377777781249999 0.337777778125 0.7066666671874999 0.3111111109375 0.59555555625 0.1866666671875 0.52444444375 0.142222221875 0.51555555625 0.15555555625 0.4711111109375 0.3066666671875 0.44000000000000006 0.3288888890625 0.46666666718750005 0.37333333281250003 0.5066666671875 0.3688888890625
8 0.3111111109375 0.177777778125 0.28444444375 0.142222221875 0.2533333328125 0.14666666718750002 0.13333333281249998 0.2666666671875 0.137777778125 0.27999999999999997 0.337777778125 0.2888888890625 0.3111111109375 0.177777778125
8 0.3911111109375 0.9111111109375001 0.3866666671875 0.96444444375 0.64 0.91555555625 0.47555555624999996 0.7066666671874999 0.3911111109375 0.9111111109375001
8 0.377777778125 0.9733333328124999 0.36444444374999996 0.8266666671875 0.40444444375 0.7244444437500001 0.3688888890625 0.6888888890625 0.142222221875 0.8133333328125 0.13333333281249998 0.8355555562499999 0.2666666671875 0.9288888890625 0.342222221875 0.9733333328124999 0.377777778125 0.9733333328124999
8 0.2266666671875 0.76 0.257777778125 0.7333333328125 0.382222221875 0.4933333328125 0.12 0.52 0.0933333328125 0.542222221875 0.13333333281249998 0.622222221875 0.177777778125 0.657777778125 0.2266666671875 0.76
8 0.24 0.462222221875 0.23555555625000002 0.41333333281250006 0.2666666671875 0.39555555625 0.2533333328125 0.3466666671875 0.12 0.32444444375 0.0888888890625 0.3288888890625 0.16 0.4933333328125 0.21777777812500002 0.4933333328125 0.24 0.462222221875