4 0.30340449375 0.4065343921875 0.351337078125 0.350645503125 0.38608614218750004 0.37266137499999996 0.41724344531249996 0.30491534374999996 0.4364157296875 0.1812804234375 0.3944756546875 0.07627513281250001 0.342947565625 0.057645503125 0.292617978125 0.079661375 0.2650561796875 0.08813227500000001 0.2482808984375 0.1236984125 0.20274531875 0.1389417984375 0.1680898875 0.2438095234375 0.1787790265625 0.31168783125 0.1955543078125 0.352338625 0.24947940000000002 0.3658835984375 0.30340449375 0.4065343921875
4 0.404059925 0.09151851875 0.4364157296875 0.1762010578125 0.446 0.1236984125 0.446 0.057645503125 0.41724344531249996 0.006835978125 0.263857678125 0.010222221875 0.27595505625 0.07238095312500001 0.33096254687500004 0.061031745312499996 0.3693108609375 0.061031745312499996 0.404059925 0.09151851875
4 0.26026591718750003 0.08304761875 0.2542734078125 0.0322433859375 0.2410898875 0.00006349218749999999 0.067337078125 0.006835978125 0.074528090625 0.0339365078125 0.0948988765625 0.07627513281250001 0.1164681640625 0.12708465625 0.154812734375 0.1745079359375 0.18756554375 0.15915343906249999 0.208737828125 0.128777778125 0.2422883890625 0.128777778125 0.26026591718750003 0.08304761875
4 0.0086217234375 0.08474603124999999 0.000232209375 0.17281481406250002 0.0277940078125 0.22870370312500002 0.0637415734375 0.274428571875 0.134441946875 0.3337089953125 0.1650936328125 0.31576719531249997 0.146426965625 0.2100740734375 0.0697340828125 0.08982539687499999 0.0086217234375 0.08474603124999999
4 0.0373782765625 0.5030687828125 0.09130337031249999 0.39806349218750003 0.141632959375 0.36419047656250003 0.0409737828125 0.26426984062500003 0.0047940078125 0.27555555625 0.0026292140625000003 0.531862434375 0.0313895125 0.5487989421874999 0.0373782765625 0.5030687828125
4 0.23270412031249998 0.36419047656250003 0.1392359546875 0.3709682546875 0.07213108593749999 0.425164021875 0.045767790625 0.5115396828125001 0.052958801562500005 0.6148465609375 0.15001872656249998 0.6893703703125 0.298426965625 0.741164021875 0.30580149843750004 0.6605767203124999 0.34534456874999997 0.5132328046875 0.297411984375 0.416693121875 0.23270412031249998 0.36419047656250003
4 0.06853558125 0.92478306875 0.129647940625 0.962042328125 0.2231161046875 0.9535767203125 0.2782397 0.923089946875 0.291419475 0.8638095234375 0.28542696562500003 0.8011481484375 0.28542696562500003 0.7588095234375001 0.23989138593749998 0.7215449734375 0.16440074843750002 0.6910634921875001 0.0925018734375 0.6521111109375 0.0482397 0.622645503125 0.005026217187499999 0.706306878125 0.048164793750000004 0.8316349203125 0.0517603 0.8705873015625001 0.06853558125 0.92478306875
4 0.4448014984375 0.6453333328124999 0.448397003125 0.6114603171875 0.4400112359375 0.55387830625 0.4256292140625 0.49291005312499997 0.404059925 0.46242327968749997 0.3764981265625 0.42177777812499995 0.3405505625 0.42177777812499995 0.307 0.41838624375 0.35013857656249997 0.516619046875 0.3549288390625 0.5742010578125 0.33335955 0.6046878312499999 0.3153857671875 0.6808994703125 0.31790262187499996 0.747513228125 0.356127340625 0.748645503125 0.3896816484375 0.7215449734375 0.42922471875 0.697835978125 0.4448014984375 0.6453333328124999
4 0.2578689140625 0.9451058203124999 0.247082396875 0.990835978125 0.46397752812500004 0.98744444375 0.46517602968749994 0.9755925921875 0.48195131093750004 0.95187830625 0.5035206 0.9298624343749999 0.5214943812499999 0.9061534390625001 0.5298838953125 0.8841375656249999 0.519097378125 0.855343915625 0.49153558124999996 0.8011481484375 0.460382021875 0.770661375 0.43162172343750005 0.73848148125 0.401662921875 0.7350952375 0.3645168546875 0.7520317453125 0.334558053125 0.780825396875 0.3014232203125 0.8279365078125 0.28902247187499996 0.8587301593750001 0.2830337078125 0.9027671953124999 0.2578689140625 0.9451058203124999
4 0.5047191015625 0.823164021875 0.5430636703125 0.8485714281250001 0.573022471875 0.8587301593750001 0.6161610484375 0.8942962968750001 0.6269438203125001 0.9349417984375 0.63413483125 0.9722063484374999 0.6976441953125 0.9535767203125 0.724007490625 0.9400264546875 0.740782771875 0.9129259265625 0.7288014984375 0.8384074078125 0.7228089890625 0.750338625 0.7192134828125 0.709693121875 0.673677903125 0.665656084375 0.6305393265625 0.6453333328124999 0.573022471875 0.6453333328124999 0.52868539375 0.6453333328124999 0.49872659218750004 0.6554973546875 0.4795543078125 0.677513228125 0.44973782812499996 0.7094179890625 0.44240823906250004 0.733402115625 0.4699662921875 0.750338625 0.502322096875 0.770661375 0.5047191015625 0.823164021875
4 0.63413483125 0.96373545 0.6221535578124999 0.91631216875 0.586202246875 0.8722804234374999 0.5622359546875 0.8824444437500001 0.5238913859375 0.9213968250000001 0.4811985015625 0.9612698406250001 0.47476029999999997 0.9942222218750001 0.63413483125 0.98744444375 0.63413483125 0.96373545
4 0.871397003125 0.7689682546875 0.82586516875 0.750338625 0.8030973781249999 0.7181587296874999 0.7647490640625 0.6859788359375 0.7383857671875 0.6995291 0.720411984375 0.70291534375 0.7264044937499999 0.7435661375 0.7264044937499999 0.7977619046875 0.73 0.84687830625 0.7383857671875 0.9180105812500001 0.7349021015625 0.9804283171874999 0.8018988765625 0.9947089953124999 0.8797865171874999 0.9947089953124999 0.912142321875 0.95187830625 0.925322096875 0.8790529093749999 0.8953632953125 0.8401005296875 0.871397003125 0.7689682546875
4 0.9265205999999999 0.1423280421875 0.916932584375 0.1016825390625 0.9061498125 0.0695026453125 0.769543071875 0.057645503125 0.6916516859375 0.17111640156250002 0.7395842703125 0.2219259265625 0.765947565625 0.2812063484375 0.7791310859375 0.313380953125 0.7988014984375 0.3115343921875 0.8570187265625 0.271042328125 0.8797865171874999 0.2371693125 0.9013558046875 0.2066825390625 0.9265205999999999 0.1423280421875
4 0.9085468171875 0.46242327968749997 0.9660636703125001 0.47088888906250004 0.9852359546875 0.4742804234375 0.9962546812499999 0.42685714218750004 0.9962546812499999 0.352338625 0.9962546812499999 0.2117671953125 0.9492883890625 0.1812804234375 0.9133408234375 0.1829735453125 0.8761910109375 0.2507195765625 0.84743445625 0.271042328125 0.8162771531249999 0.2964497359375 0.8090861421875 0.33031746093750003 0.7923108609375 0.3912910046875 0.829456928125 0.445486771875 0.86780524375 0.44040740781250004 0.9085468171875 0.46242327968749997
4 0.7791310859375 0.528476190625 0.73 0.5674285718750001 0.7096292140625 0.6097671953125 0.7443782765625 0.62501058125 0.7959063671875 0.6216243390625 0.8438389515625 0.6605767203124999 0.9085468171875 0.6436402109375 0.9361086140625 0.63178306875 0.9828426968749999 0.602994709375 0.9948239703124999 0.55726455 0.99362546875 0.5013756609375 0.9828426968749999 0.4421005296875 0.9612734078124999 0.384513228125 0.9061498125 0.335402115625 0.845037453125 0.33878835937499996 0.7913108609374999 0.4194709 0.7863183515625 0.416693121875 0.7899138578125 0.49629629687500004 0.7791310859375 0.528476190625
4 0.9696591765625 0.819777778125 0.9852359546875 0.8367142859375001 0.9962546812499999 0.8299417984374999 0.9962546812499999 0.5826719578125 0.9780486890625 0.6182380953125 0.9325131093750001 0.6521111109375 0.8977603000000001 0.6622698406249999 0.833052434375 0.6792063484375 0.8054906359375 0.6893703703125 0.8182771531249999 0.7178835984374999 0.8534232203125001 0.7520317453125 0.8965617984375 0.780825396875 0.9181310859374999 0.8146984125 0.9696591765625 0.819777778125