8 0.22501675937500001 0.5417153031249999 0.453927375 0.7111174375 0.6059497203124999 0.45228469687499995 0.22501675937500001 0.5417153031249999
8 0.4810670390625 0.7226192171875 0.7269497203124999 0.8928967968749999 0.8386424578125 0.687409253125 0.4810670390625 0.7226192171875
8 0.3112067046875 0.8889430609375 0.664899440625 0.8928967968749999 0.49115642499999995 0.69135943125 0.3112067046875 0.8889430609375
8 0.346055865625 0.17398220625 0.6400782125 0.2764341640625 0.574927375 0.02747686875 0.346055865625 0.17398220625
8 0.5974525140625 0.36081494687500004 0.8014134078125 0.377202846875 0.739363128125 0.167761565625 0.646284915625 0.229014234375 0.5974525140625 0.36081494687500004
8 0.9944134078125 0.25470106718749996 0.9279944140625 0.168049821875 0.8045139671875001 0.312 0.7952067046875 0.3653451953125 0.9944134078125 0.385103203125 0.9944134078125 0.25470106718749996
8 0.450826815625 0.2072775796875 0.2622569828125 0.165085409375 0.24605586562499998 0.38312811406249997 0.41359217812500004 0.302120996875 0.450826815625 0.23889323906249998 0.450826815625 0.2072775796875
8 0.0108603359375 0.1917758 0.007156424999999999 0.3930071171875 0.23364245781249998 0.3455871890625 0.24295530781250002 0.284338078125 0.0108603359375 0.1917758
8 0.0816201125 0.167761565625 0.0946592171875 0.2036370109375 0.255363128125 0.2902633453125 0.2615698328125 0.2112313171875 0.0816201125 0.167761565625
8 0.8162625703125 0.7493096078125 0.975156425 0.84152313125 0.9944134078125 0.7644661921875 0.9944134078125 0.6281316718750001 0.8162625703125 0.7493096078125
8 0.774363128125 0.5001992875 0.8851843578124999 0.6854306046875001 0.9944134078125 0.5313167265625001 0.9944134078125 0.43252313124999997 0.774363128125 0.5001992875
8 0.2801843578125 0.7941032031249999 0.1188491625 0.8988220640625 0.32672067031249996 0.8909181500000001 0.4011843578125 0.7605124562500001 0.3236201125 0.687409253125 0.2801843578125 0.7941032031249999
8 0 0.539220640625 0.26777095 0.5273665484375 0.3050055859375 0.460185053125 0.3422346375 0.36732384375 0.23984916250000002 0.3653451953125 0.001553071875 0.4052989328125 0 0.3930071171875 0 0.539220640625