8 0.6952789703125 0.27777777812500004 0.6824034328125 0.1666666671875 0.6180257515625 0.1620370375 0.562231759375 0.1990740734375 0.5665236046875 0.2175925921875 0.61373390625 0.21296296250000002 0.6652360515625 0.240740740625 0.6952789703125 0.27777777812500004
8 0.300429184375 0.1990740734375 0.2746781109375 0.2175925921875 0.377682403125 0.2916666671875 0.407725321875 0.2916666671875 0.3819742484375 0.20833333281250002 0.300429184375 0.1990740734375
8 0.2360515015625 0.3981481484375 0.20171673750000002 0.2916666671875 0.13733905625 0.2731481484375 0.098712446875 0.31944444375000003 0.098712446875 0.3703703703125 0.145922746875 0.375 0.16738197500000002 0.40277777812500004 0.2360515015625 0.3981481484375
8 0.6180257515625 0.40277777812500004 0.5665236046875 0.3703703703125 0.5107296140625001 0.35648148125 0.47639485 0.375 0.47639485 0.47222222187499996 0.545064378125 0.44444444375 0.6523605156250001 0.4583333328125 0.6180257515625 0.40277777812500004
8 0.4420600859375 0.3981481484375 0.5364806859375 0.3518518515625 0.5665236046875 0.35648148125 0.5407725328125 0.222222221875 0.46351931406249997 0.1111111109375 0.4420600859375 0.11574074062499999 0.41201716718750003 0.20370370312500002 0.407725321875 0.25 0.43776824062499997 0.27777777812500004 0.424892703125 0.365740740625 0.4420600859375 0.3981481484375
8 0.44635193125 0.51851851875 0.4506437765625 0.42592592656250006 0.4334763953125 0.42129629687500003 0.3218884125 0.5324074078125001 0.2789699578125 0.5879629625 0.3133047203125 0.6620370375 0.34763948437500003 0.6898148140625 0.44635193125 0.51851851875
8 0.39914163125 0.45370370312499997 0.34763948437500003 0.35648148125 0.3218884125 0.35648148125 0.26180257500000004 0.4074074078125 0.24892703906250002 0.43055555625 0.24892703906250002 0.5555555562500001 0.270386265625 0.578703703125 0.39914163125 0.45370370312499997
8 0.1502145921875 0.4166666671875 0.1416309015625 0.384259259375 0.0042918453125 0.384259259375 0 0.5138888890625 0.0343347640625 0.509259259375 0.098712446875 0.43981481406249995 0.1502145921875 0.4166666671875
8 0.39914163125 0.43518518593750005 0.424892703125 0.4166666671875 0.424892703125 0.375 0.34763948437500003 0.240740740625 0.29184549375 0.2175925921875 0.23175965625 0.25 0.23175965625 0.328703703125 0.2575107296875 0.39351851875 0.35193133125 0.35648148125 0.39914163125 0.43518518593750005
8 0.12875536406250002 0.26851851875 0.20171673750000002 0.2870370375 0.2360515015625 0.1851851859375 0.021459228125 0.20370370312500002 0.030042918749999998 0.3101851859375 0.0901287546875 0.35648148125 0.0901287546875 0.3240740734375 0.12875536406250002 0.26851851875
8 0.193133046875 0.5046296296875 0.2360515015625 0.5416666671875 0.253218884375 0.4166666671875 0.1330472109375 0.42592592656250006 0.0042918453125 0.5231481484375 0.008583690625 0.5879629625 0.0729613734375 0.6388888890625 0.145922746875 0.5138888890625 0.193133046875 0.5046296296875
8 0.5407725328125 0.5694444437499999 0.532188840625 0.546296296875 0.5493562234375 0.5231481484375 0.6652360515625 0.5138888890625 0.6437768234375 0.47222222187499996 0.60085836875 0.44907407343749994 0.49785407656249997 0.4675925921875 0.4721030046875 0.48148148125 0.48068669531249997 0.5370370375 0.5236051500000001 0.5740740734374999 0.5407725328125 0.5694444437499999
8 0.716738196875 0.34722222187499996 0.7124463515625 0.3009259265625 0.6652360515625 0.2453703703125 0.61373390625 0.2175925921875 0.562231759375 0.23148148124999998 0.55364806875 0.2638888890625 0.57081545 0.3333333328125 0.6180257515625 0.3796296296875 0.716738196875 0.34722222187499996
8 0.532188840625 0.2175925921875 0.46781115937499995 0.1111111109375 0.4420600859375 0.11574074062499999 0.407725321875 0.21296296250000002 0.407725321875 0.25 0.4334763953125 0.27777777812500004 0.532188840625 0.2175925921875
8 0.9356223171875 0.23611111093749998 0.8497854078125 0.2546296296875 0.7896995703125 0.20370370312500002 0.7725321890625 0.2175925921875 0.75536480625 0.2731481484375 0.7725321890625 0.34722222187499996 0.9227467812500001 0.3240740734375 0.9356223171875 0.23611111093749998
8 0.98283261875 0.35648148125 0.9055793984375 0.3379629625 0.7768240343749999 0.3703703703125 0.7510729609375 0.39351851875 0.8927038625 0.4675925921875 0.9313304718750001 0.39351851875 0.98283261875 0.35648148125
8 0.8669527890625 0.5416666671875 0.8884120171875001 0.47222222187499996 0.729613734375 0.384259259375 0.6952789703125 0.4074074078125 0.690987125 0.509259259375 0.7725321890625 0.5416666671875 0.8197424890624999 0.597222221875 0.8669527890625 0.5416666671875
8 0.7639484984375 0.6990740734374999 0.8025751078125 0.652777778125 0.7896995703125 0.5740740734374999 0.7467811156249999 0.5324074078125001 0.6652360515625 0.5231481484375 0.5579399140625 0.5324074078125001 0.55364806875 0.546296296875 0.5579399140625 0.6481481484375 0.6180257515625 0.740740740625 0.6781115875 0.75 0.7639484984375 0.6990740734374999
8 0.47639485 0.8009259265625 0.5407725328125 0.7453703703125 0.545064378125 0.6481481484375 0.5193133046875 0.5833333328125 0.5021459234375001 0.5601851859375 0.43776824062499997 0.5370370375 0.3218884125 0.73148148125 0.3218884125 0.76851851875 0.33905579375 0.7824074078125001 0.47639485 0.8009259265625
8 0.29184549375 0.6574074078125001 0.23175965625 0.546296296875 0.20171673750000002 0.5138888890625 0.16738197500000002 0.5138888890625 0.145922746875 0.5231481484375 0.068669528125 0.671296296875 0.068669528125 0.7268518515625 0.2360515015625 0.8101851859375 0.270386265625 0.7638888890625 0.29184549375 0.6574074078125001