4 0.548928571875 0.6032 0.6215654765624999 0.62398 0.7235654765625 0.6170533328125 0.788476190625 0.5893466671875001 0.807023809375 0.5581766671875 0.808571428125 0.51315 0.7915714281249999 0.48977333281249996 0.7606607140625 0.4620666671875 0.722023809375 0.44821 0.650928571875 0.43955333281250003 0.5736547625 0.4438833328125 0.5211130953125 0.4560033328125 0.47474999999999995 0.5001633328125 0.480928571875 0.5503833328125001 0.49638690468749996 0.5772233328125 0.548928571875 0.6032
4 0.99404761875 0.59714 0.99404761875 0.4499433328125 0.944571428125 0.44648000000000004 0.8580238093749999 0.4594666671875 0.83329761875 0.4811133328125 0.8054761906250001 0.4949666671875 0.8209345234375001 0.52181 0.8116607140625 0.5503833328125001 0.833148809375 0.5639433328125001 0.8611130953125 0.5832866671875 0.9198452375 0.5962733328125001 0.9631130953125 0.6006033328125 0.99404761875 0.59714
4 0.7668392859375001 0.7226899999999999 0.78229761875 0.7426066671875 0.8271130953125001 0.7763733328125 0.893571428125 0.7945566671875001 0.961571428125 0.7902266671875 0.99404761875 0.77291 0.99404761875 0.61619 0.978571428125 0.6066633328125 0.9368452375 0.5980066671875 0.8611130953125 0.6058 0.7946607140624999 0.63091 0.771476190625 0.6490933328125 0.7699345234375 0.6880566671875 0.7668392859375001 0.7226899999999999
4 0.7853869046875 0.76685 0.78075 0.8014833328125001 0.774571428125 0.8491066671875 0.74675 0.8716200000000001 0.7189345234375 0.89846 0.7003869046875 0.9001933328125 0.66020238125 0.9097166671875 0.6725654765625 0.94695 0.7189345234375 0.9789866671875 0.78229761875 0.9954366671875 0.85029761875 0.9966666671875 0.93529761875 0.9963033328125 0.9646607140624999 0.9850466671874999 0.9893869046875 0.9651333328125 0.9801190468750001 0.82919 0.9260238093750001 0.8014833328125001 0.86729761875 0.79369 0.8193869046875 0.7781066671875 0.7853869046875 0.76685
4 0.756023809375 0.7322133328125 0.7591130953125 0.7001766671875 0.7591130953125 0.64736 0.822476190625 0.61186 0.9121130953125001 0.6032 0.8549345234375 0.5893466671875001 0.822476190625 0.58848 0.77920238125 0.6058 0.7173869046875 0.6231166671875 0.67875 0.6300433328125 0.66175 0.6690066671875 0.6648392859375 0.7071033328125 0.7142976187500001 0.7148966671875 0.7699345234375 0.7547266671874999 0.756023809375 0.7322133328125
4 0.7730238093749999 0.8491066671875 0.77920238125 0.8222633328125 0.78075 0.7884966671875 0.7529345234375 0.7495333328125 0.684928571875 0.7200933328125 0.6571130953125001 0.6993133328125001 0.59375 0.6967133328124999 0.5396547625 0.69758 0.47474999999999995 0.7123 0.3990178578125 0.7573233328125 0.37120238125 0.8196666671875 0.41601785781249995 0.85257 0.4871130953125 0.8906666671875 0.5442916671875 0.9071199999999999 0.639928571875 0.91235 0.684928571875 0.90106 0.7359345234375 0.8811433328125 0.7730238093749999 0.8491066671875
4 0.41601785781249995 0.8577666671875 0.37120238125 0.8257266671875 0.3232916671875 0.84824 0.2800178578125 0.8724833328124999 0.242928571875 0.8924 0.22129166718749999 0.9279 0.26301785781250003 0.9963033328125 0.3402916671875 0.9963033328125 0.46392857187500003 0.9937066671875 0.5566547625 0.9966666671875 0.5829285718749999 0.98245 0.6076607140625 0.9521433328125 0.6138392859375 0.9183766671875 0.550476190625 0.9123133328125 0.4685654765625 0.8924 0.41601785781249995 0.8577666671875
4 0.31710714218749997 0.8300566671875 0.3155654765625 0.8014833328125001 0.287744046875 0.75819 0.2274702375 0.7452033328125001 0.1811071421875 0.7192266671875001 0.1440178578125 0.7148966671875 0.0574702375 0.7123 0.0080178578125 0.72096 0.0018333328125 0.8421799999999999 0.006470237500000001 0.9019233328125 0.029654762499999997 0.91318 0.088380953125 0.91924 0.174928571875 0.9140466671875 0.23056547656249998 0.8828766671875 0.276928571875 0.8534366671875 0.31710714218749997 0.8300566671875
4 0 0.6742033328125 0.0250178578125 0.6941166671875 0.082196428125 0.7088366671874999 0.137571428125 0.7035233328125 0.11929166718749999 0.6750666671875 0.100744046875 0.63697 0.1270178578125 0.5997366671875 0.20892857187499997 0.5590433328125 0.1702916671875 0.5460533328125 0.0605595234375 0.5538466671875 0 0.58848 0 0.6742033328125
4 0.5164761906249999 0.6006033328125 0.5164761906249999 0.61186 0.50875 0.6438966671874999 0.49329166718749995 0.6802633328125001 0.44075 0.7114333328125 0.3511130953125 0.7313500000000001 0.30938095312499997 0.75386 0.3325654765625 0.77291 0.377380953125 0.77724 0.43147619062500003 0.73741 0.4793869046875 0.7053733328125 0.5705654765625 0.68719 0.6586607140625 0.6897866671874999 0.645726190625 0.6569966671875 0.6385654765625 0.6395666671875 0.5721130953125 0.61186 0.5164761906249999 0.6006033328125
4 0.19759523750000002 0.5698133328125 0.1053452375 0.6281633328125 0.11129761875 0.68318 0.1708154765625 0.7198566671875 0.2630595234375 0.7482 0.3642321421875 0.7165233328125 0.4624345234375 0.6898500000000001 0.49219047656250003 0.62983 0.4802857140625 0.57815 0.41482142812499995 0.5398033328125 0.2838928578125 0.5431366671875 0.19759523750000002 0.5698133328125