8 0.7759562843750001 0.6654545453125 0.5464480875 0.5636363640625001 0.4316939890625 0.6727272734375 0.43715847031250005 0.7127272734375001 0.5628415296875 0.7236363640625 0.72677595625 0.69818181875 0.7759562843750001 0.6654545453125
8 0.2677595625 0.30181818125 0.36612021875 0.29818181875 0.2950819671875 0.2545454546875 0.1748633875 0.21090909062500002 0.125683059375 0.24727272656250002 0.0765027328125 0.32 0.0710382515625 0.3636363640625 0.1584699453125 0.38181818125 0.1967213109375 0.33818181875 0.2677595625 0.30181818125
8 0.5136612015625001 0.3127272734375 0.6120218578125 0.269090909375 0.6120218578125 0.2545454546875 0.497267759375 0.17818181875 0.31147540937499996 0.22181818125000002 0.3060109296875 0.2363636359375 0.34426229531249997 0.269090909375 0.4699453546875 0.3163636359375 0.5136612015625001 0.3127272734375
8 0.464480875 0.3745454546875 0.47540983593749997 0.3454545453125 0.464480875 0.3272727265625 0.415300546875 0.3127272734375 0.2459016390625 0.309090909375 0.1584699453125 0.389090909375 0.14754098437500002 0.41818181875000004 0.2459016390625 0.45454545468749996 0.27322404375 0.42181818125000003 0.464480875 0.3745454546875
8 0.3715847 0.5054545453125 0.45355191250000004 0.4836363640625 0.5136612015625001 0.410909090625 0.42622950781249996 0.4 0.2896174859375 0.41454545468750004 0.2513661203125 0.46909090937500003 0.25683060156250004 0.5563636359374999 0.2841530046875 0.57818181875 0.32786885312499997 0.57818181875 0.3715847 0.5054545453125
8 0.6120218578125 0.3527272734375 0.6612021859375 0.349090909375 0.770491803125 0.3963636359375 0.8087431687500001 0.38181818125 0.7868852453125 0.34181818124999996 0.6393442625 0.25818181875 0.5136612015625001 0.3163636359375 0.502732240625 0.3527272734375 0.5245901640625 0.4036363640625 0.5464480875 0.40727272656249996 0.6120218578125 0.3527272734375
8 0.6557377046874999 0.450909090625 0.6939890703125 0.4727272734375 0.781420765625 0.48 0.8415300546875001 0.45818181874999997 0.8360655734375 0.43636363593749994 0.64480874375 0.34181818124999996 0.502732240625 0.4472727265625 0.502732240625 0.48 0.595628415625 0.5054545453125 0.6284153 0.4945454546875 0.6557377046874999 0.450909090625
8 0.8251366125 0.57818181875 0.868852459375 0.5127272734375 0.6557377046874999 0.45818181874999997 0.595628415625 0.5527272734374999 0.590163934375 0.5672727265625 0.6229508203125 0.5854545453125 0.73770491875 0.610909090625 0.8251366125 0.57818181875
8 0.5300546453125 0.5636363640625001 0.584699453125 0.5527272734374999 0.595628415625 0.5236363640625 0.38797814218750004 0.50181818125 0.35519125625000003 0.5454545453125 0.3497267765625 0.61818181875 0.3934426234375 0.6581818187499999 0.4316939890625 0.6618181812499999 0.5300546453125 0.5636363640625001
8 0.63387978125 0.81818181875 0.7103825140625 0.770909090625 0.7158469953125 0.7127272734375001 0.6612021859375 0.7054545453125 0.5683060109375 0.7272727265625 0.497267759375 0.770909090625 0.4699453546875 0.8072727265624999 0.47540983593749997 0.8327272734375001 0.5245901640625 0.8400000000000001 0.63387978125 0.81818181875
8 0.48633879843749994 0.7563636359375 0.464480875 0.7272727265625 0.43715847031250005 0.7236363640625 0.3387978140625 0.730909090625 0.2896174859375 0.7672727265625 0.2950819671875 0.8072727265624999 0.3387978140625 0.82181818125 0.45355191250000004 0.8 0.48633879843749994 0.7563636359375