3 0.6247034890625 0.2837979453125 0.6538430234375 0.29606506875 0.6809011625 0.2936130140625 0.6975581390625 0.2690787671875 0.7142093015625 0.25067808281250004 0.7360639531250001 0.24025 0.7339825578125 0.20283904062500002 0.7495930234375 0.1936369859375 0.7152499999999999 0.186277396875 0.6892325578125 0.18259589062499998 0.6663313953125 0.18505137031250002 0.6456511625 0.1887020546875 0.6205406984375 0.20160958906249998 0.6070058140625 0.22736986250000002 0.6080465109375 0.264784246875 0.6247034890625 0.2837979453125
3 0.730860465625 0.22185273906249997 0.7506337203125 0.25803767187500004 0.7797790703125 0.28931849375 0.8089186046875 0.307719178125 0.841186046875 0.307719178125 0.8484709296874999 0.2837979453125 0.849511628125 0.25681164375 0.8359825578125 0.23902397187500002 0.8172441859375 0.2138767125 0.7822790703125 0.20096575312499998 0.7652093015625 0.193023971875 0.74022674375 0.19670547968750002 0.730860465625 0.22185273906249997
3 0.7038023250000001 0.2672397265625 0.686110465625 0.286253425 0.686110465625 0.3034280828125 0.71212790625 0.33532191718750004 0.7454302328125 0.3610821921875 0.7683313953125 0.37089383593749997 0.7933081390625001 0.35556164375 0.796826634375 0.35590706875 0.8099593015625001 0.3267328765625 0.803715115625 0.30649315 0.777697675 0.29300000000000004 0.7568837203125 0.2543595890625 0.7214941859375 0.2543595890625 0.7038023250000001 0.2672397265625
3 0.726697675 0.360469178125 0.6985988375 0.343907534375 0.6809011625 0.32182534218750003 0.6746569765625 0.30035958906250004 0.630947675 0.2936130140625 0.612215115625 0.29729452031250003 0.601802325 0.3071061640625 0.580988371875 0.33593493125 0.5986802328125 0.32366780781250004 0.605965115625 0.343907534375 0.6247034890625 0.36844178125 0.6455174421875001 0.38193493125 0.6777790703125001 0.39481506875 0.7131686046875 0.3960410953125 0.7287790703125 0.38254794531249997 0.7433488374999999 0.3696678078125 0.726697675 0.360469178125
3 0.6028430234375 0.3052671234375 0.6070058140625 0.2837979453125 0.6070058140625 0.2690787671875 0.6038837203125 0.253746575 0.600761628125 0.2377979453125 0.5955581390625 0.22921232812499998 0.579947675 0.23350342500000001 0.564337209375 0.24270547968749998 0.5403953484375 0.26355821874999996 0.5237441859375 0.2788938359375 0.5195813953124999 0.29729452031250003 0.5164593015625 0.310787671875 0.52062209375 0.32182534218750003 0.5279069765625 0.34022602812499997 0.53727325625 0.345746575 0.5549709296875001 0.34268150625 0.584110465625 0.327345890625 0.6028430234375 0.3052671234375
3 0.5122965109375001 0.3187602734375 0.521662790625 0.307719178125 0.5237441859375 0.2868664390625 0.5341511624999999 0.2672397265625 0.5518488374999999 0.248839040625 0.5632965109375 0.23534589062500003 0.5705813953125001 0.21633219218750002 0.5591337203125 0.199157534375 0.5414418609375 0.1917979453125 0.50917441875 0.20222260312499998 0.47691279062499997 0.215719178125 0.4685813953125 0.23841095937499998 0.46233720937499995 0.258650684375 0.46962790625000006 0.2868664390625 0.47909883750000004 0.3067363015625 0.484197675 0.30649315 0.5008488375 0.3132397265625 0.5122965109375001 0.3187602734375
3 0.67257558125 0.1856643828125 0.71212790625 0.1868904109375 0.7579244187499999 0.192410959375 0.787063953125 0.193023971875 0.762087209375 0.1721712328125 0.7329418609375 0.1605171234375 0.6923546515625 0.1488630140625 0.6351104656250001 0.1507020546875 0.5945174421874999 0.16603767187500001 0.5768255812499999 0.1838253421875 0.5674593015625 0.2065171234375 0.5789069765625 0.225530821875 0.612215115625 0.215719178125 0.6371918609375 0.19608904062500002 0.67257558125 0.1856643828125
4 0.43701744218750005 0.8839280828125 0.4431569765625 0.8685479453125 0.4446918609375 0.8441232875000001 0.43087209375 0.8332705484374999 0.398639534375 0.8251267125 0.337238371875 0.8233184937500001 0.31267441875 0.8359828765625 0.2957906984375 0.8558835609375001 0.2896511625 0.8839280828125 0.30039534843750004 0.8993082187500001 0.3264941859375 0.910160959375 0.3633313953125 0.917400684375 0.398639534375 0.9056404109375 0.41552325625000003 0.8993082187500001 0.43701744218750005 0.8839280828125
4 0.11005232499999999 0.8721678078125 0.05632558125 0.8685479453125 0.01487790625 0.8848321921875 0.01487790625 0.911972603125 0.04097674375 0.9363972609375001 0.0532558140625 0.948157534375 0.1760581390625 0.94725 0.182697675 0.9362294515625 0.18066279062499999 0.9110650687499999 0.165313953125 0.8857363015624999 0.1515 0.8703595890625 0.11005232499999999 0.8721678078125
4 0.242063953125 0.8016061640625001 0.1852674421875 0.8061301375 0.1438197671875 0.8169863015625 0.1284709296875 0.8323630140624999 0.1376802328125 0.859503425 0.157639534375 0.8712636984375 0.1852674421875 0.8766917812499999 0.23438953437499999 0.873976028125 0.25894767500000004 0.858599315625 0.27890697656249996 0.8332705484374999 0.2804418609375 0.8133664390625001 0.242063953125 0.8016061640625001
4 0.3142093015625 0.8314589046875 0.3556569765625 0.8178904109375 0.40938372031250003 0.8251267125 0.4446918609375 0.8178904109375 0.42012790625 0.7853253421875 0.3633313953125 0.774469178125 0.2997674421875 0.7949246578125 0.2712325578125 0.8025136984374999 0.2896511625 0.8178904109375 0.3142093015625 0.8314589046875
4 0.4523662796875 0.8929760281249999 0.470784884375 0.9128767124999999 0.5106976750000001 0.930969178125 0.5521453484375 0.9354931499999999 0.5690290703125 0.8993082187500001 0.56442441875 0.879404109375 0.5490697671875 0.862215753125 0.5137674421875 0.84231506875 0.462889534375 0.83675 0.4523662796875 0.8504554796875 0.4523662796875 0.8703595890625 0.4523662796875 0.8929760281249999
2 0.53832558125 0.1405 0.62582558125 0.11335958906250002 0.6856918609375 0.08531506875 0.708715115625 0.05094178125 0.7056453484375 0.0120410953125 0.6979709296875 0 0.4984186046875 0.000280821875 0.1961337203125 0.08840068437500001 0.26816279062500004 0.1341643828125 0.3418430234375 0.1558767125 0.4262674421875 0.1622089046875 0.53832558125 0.1405
2 0.20829651093749998 0.015660959375 0.139215115625 0.029229451562499998 0.139215115625 0.036465753125 0.1637790703125 0.0681301375 0.178860465625 0.08840068437500001 0.493813953125 0.000280821875 0.2435988375 0 0.20829651093749998 0.015660959375