8 0.3770491796875 0.370909090625 0.2131147546875 0.4 0.21857923437500001 0.45818181874999997 0.26229508125 0.5127272734375 0.3715847 0.4254545453125 0.3770491796875 0.370909090625
8 0.464480875 0.5854545453125 0.3333333328125 0.5672727265625 0.2896174859375 0.5745454546875 0.2896174859375 0.6945454546875001 0.31147540937499996 0.730909090625 0.45355191250000004 0.61818181875 0.464480875 0.5854545453125
8 0.8251366125 0.50181818125 0.868852459375 0.53818181875 0.8469945359375 0.4 0.781420765625 0.3854545453125 0.6393442625 0.40727272656249996 0.6284153 0.429090909375 0.721311475 0.4763636359375 0.7759562843750001 0.48 0.8251366125 0.50181818125
8 0.672131146875 0.27272727343750003 0.6502732234375 0.27272727343750003 0.5792349734375 0.3272727265625 0.5683060109375 0.3636363640625 0.590163934375 0.3854545453125 0.8032786890624999 0.3854545453125 0.672131146875 0.27272727343750003
8 0.6065573765625001 0.28363636406250003 0.42622950781249996 0.2654545453125 0.38797814218750004 0.309090909375 0.38797814218750004 0.389090909375 0.40983606562499997 0.4036363640625 0.5300546453125 0.349090909375 0.6065573765625001 0.28363636406250003
8 0.8251366125 0.509090909375 0.770491803125 0.4836363640625 0.7158469953125 0.49818181875 0.6939890703125 0.52 0.6885245906249999 0.57818181875 0.7923497265624999 0.5927272734375 0.9071038250000001 0.58181818125 0.8251366125 0.509090909375
8 0.6830601093750001 0.5345454546874999 0.6393442625 0.50181818125 0.5683060109375 0.48 0.5191256828124999 0.4763636359375 0.508196721875 0.49090909062500004 0.502732240625 0.549090909375 0.5573770484375 0.5963636359375 0.672131146875 0.5854545453125 0.6830601093750001 0.5345454546874999
8 0.6502732234375 0.4945454546875 0.6284153 0.4436363640625 0.5519125687499999 0.36 0.45355191250000004 0.4 0.43715847031250005 0.43272727343749995 0.4808743171875 0.4763636359375 0.5683060109375 0.4763636359375 0.6502732234375 0.4945454546875
8 0.7103825140625 0.7454545453125 0.8032786890624999 0.6 0.6830601093750001 0.5927272734375 0.6065573765625001 0.6036363640625 0.6229508203125 0.6436363640625 0.601092896875 0.6545454546875 0.6065573765625001 0.6763636359375 0.7103825140625 0.7454545453125
8 0.5300546453125 0.58181818125 0.3934426234375 0.669090909375 0.3770491796875 0.70181818125 0.4808743171875 0.730909090625 0.6284153 0.7236363640625 0.5300546453125 0.58181818125
8 0.491803278125 0.54181818125 0.44808743125 0.450909090625 0.36612021875 0.45818181874999997 0.26229508125 0.5272727265625 0.26229508125 0.54181818125 0.398907103125 0.5527272734374999 0.4316939890625 0.5745454546875 0.491803278125 0.54181818125