4 0.31604150937500003 0.11505789531249999 0.3453811328125 0.1559684203125 0.37751698125 0.1832421046875 0.4180339625 0.1851894734375 0.437592453125 0.1637631578125 0.437592453125 0.1286947375 0.42641509375000003 0.1033684203125 0.40126792499999997 0.0566157890625 0.3677358484375 0.037136842187500005 0.3258226421875 0.007915789062500001 0.300490565625 0.0253421046875 0.283909434375 0.0546684203125 0.2853056609375 0.1209052625 0.31604150937500003 0.11505789531249999
4 0.5130377359375 0.2530947375 0.5158301890625 0.22192631562499998 0.499067925 0.19465263125 0.5158301890625 0.163478946875 0.5451698109375 0.1849105265625 0.5731132078125001 0.1771157890625 0.6066452828125 0.20828947343749998 0.631792453125 0.1810157890625 0.60384905625 0.1362105265625 0.5814981125 0.09724736875 0.5479660375 0.071921053125 0.5158301890625 0.066073684375 0.48230188749999997 0.0816631578125 0.45616981093750003 0.13060526249999999 0.4529622640625 0.169326315625 0.4767132078125 0.20438947343749997 0.5130377359375 0.2530947375
4 0.705841509375 0.2414052625 0.6834867921875001 0.1927052625 0.6541471703124999 0.1771157890625 0.616426415625 0.18880526250000002 0.6024528296875 0.2316631578125 0.6094377359375 0.272573684375 0.62201509375 0.3193315796875 0.6345886796875 0.36413684218750003 0.656943396875 0.39530526250000003 0.6783924531250001 0.4054578953125 0.7072377359375001 0.37972105312500004 0.71841509375 0.3427052625 0.71841509375 0.2823157890625 0.705841509375 0.2414052625
4 0.7379735843749999 0.4186842109375 0.74915094375 0.375826315625 0.7287056609375 0.352826315625 0.6946641515625 0.4206315796875 0.73238490625 0.44790526249999996 0.7379735843749999 0.4186842109375
4 0.8176113203125001 0.6212894734375001 0.8092301890625 0.5881684203125 0.8231999999999999 0.557 0.844158490625 0.533621053125 0.8329811328125001 0.4966105265625 0.795256603125 0.49271052656250003 0.76591698125 0.5082947375 0.74915094375 0.5433631578125 0.7245132078125 0.5925947375 0.75055094375 0.636873684375 0.7770943390625 0.6621947375 0.8176113203125001 0.6212894734375001
4 0.7435622640624999 0.4615421046875 0.7114301890625 0.41673684218749996 0.672309434375 0.3992 0.641573584375 0.3836157890625 0.62061509375 0.41088947343750004 0.6136301890625 0.44985263125 0.6401773578125 0.49271052656250003 0.658339621875 0.5219315796874999 0.649041509375 0.5692 0.696060378125 0.5608947375 0.739373584375 0.5414157890625 0.75055094375 0.49855789531249994 0.7435622640624999 0.4615421046875
4 0.608041509375 0.584273684375 0.5633358484375 0.5901157890625 0.52421509375 0.584273684375 0.4920792453125 0.629078946875 0.48369811250000005 0.7031052625 0.4920792453125 0.75765263125 0.5144339625 0.81025263125 0.5423773578125 0.8394736843749999 0.595467925 0.8238894734375 0.6150264156249999 0.7966157890625001 0.655543396875 0.8024631578125 0.68258490625 0.7797263156249999 0.6904716984375 0.6953157890624999 0.6667207546875 0.631026315625 0.6499547171875 0.5959631578125 0.608041509375 0.584273684375
4 0.5298037734375 0.216078946875 0.5228188671875 0.2569894734375 0.590343396875 0.29434736875 0.5940716984375001 0.2453 0.60384905625 0.22192631562499998 0.57171698125 0.1790684203125 0.5298037734375 0.216078946875
4 0.543773584375 0.27647368437500003 0.5060528296875 0.2647842109375 0.4529622640625 0.30374736874999997 0.437592453125 0.3680315796875 0.466932075 0.44790526249999996 0.5367886796875 0.44985263125 0.592675471875 0.4381631578125 0.6178226421875 0.3660842109375 0.6192188671875 0.3368631578125 0.601056603125 0.3095894734375 0.543773584375 0.27647368437500003
4 0.4152377359375 0.5628421046875001 0.46413962187499996 0.586221053125 0.48928679218750004 0.6232368421875 0.5158301890625 0.584273684375 0.575909434375 0.580378946875 0.6401773578125 0.5550526312499999 0.658339621875 0.51024736875 0.62201509375 0.45570000000000005 0.6280792453124999 0.4668631578125 0.584290565625 0.44985263125 0.504656603125 0.4654368421875 0.42781132031249997 0.481021053125 0.4152377359375 0.5628421046875001
4 0.4529622640625 0.482973684375 0.4152377359375 0.44595789531249996 0.4222226421875 0.3933578953125 0.36354339687500004 0.39141052656249997 0.33560377343750003 0.4518 0.33420377343749996 0.5160894734375 0.37860377343749996 0.5458105265625 0.405460378125 0.5453105265625 0.4152377359375 0.5141421046875 0.4529622640625 0.482973684375
4 0.19868301875 0.225821053125 0.2308188671875 0.2121842109375 0.2936867921875 0.1966 0.322 0.13645263125 0.2978792453125 0.1362105265625 0.22103773593749998 0.1517947375 0.19868301875 0.225821053125
4 0.2811132078125 0.30764210468750003 0.30346792499999997 0.3446578953125 0.341192453125 0.4147894734375 0.36075094375 0.4069947375 0.37891320781250004 0.35829473749999996 0.3383962265625 0.2647842109375 0.3216301890625 0.2121842109375 0.26295094375 0.2141315796875 0.2084641515625 0.2394578953125 0.1875056609375 0.3056947375 0.2066943390625 0.352826315625 0.22243396249999997 0.3719315796875 0.235007546875 0.3466052625 0.2811132078125 0.30764210468750003
4 0.38170566093749997 0.18685789531250002 0.31324905625 0.1829631578125 0.3216301890625 0.20828947343749998 0.356558490625 0.2881578953125 0.37611698125 0.3056947375 0.42641509375000003 0.30764210468750003 0.4795056609375 0.2530947375 0.4501660375 0.2141315796875 0.38170566093749997 0.18685789531250002
4 0.48230188749999997 0.6719368421875 0.437592453125 0.60765263125 0.3886943390625 0.681678946875 0.3509698109375 0.7751894734375 0.4708452828125 0.85575263125 0.510241509375 0.8277842109375 0.4850943390625 0.7518105265624999 0.48230188749999997 0.6719368421875
4 0.39288301875 0.5881684203125 0.3481773578125 0.5531052625 0.2559660375 0.6173894734375 0.33038490625 0.6803105265625 0.356558490625 0.6738842109375 0.39847169843749997 0.6680421046875 0.39288301875 0.5881684203125
4 0.28851887187499997 0.7378936203124999 0.2894981125 0.6777842109375001 0.2447886796875 0.6212894734375001 0.1972867921875 0.6505105265625 0.1735358484375 0.681678946875 0.235007546875 0.7225894734375 0.28851887187499997 0.7378936203124999
4 0.23221509375 0.580378946875 0.2908943390625 0.5492052625 0.2978792453125 0.4518 0.3048641515625 0.39725263125 0.2978792453125 0.33296842031249996 0.2643471703125 0.3173842109375 0.2612037734375 0.32943684218749997 0.22103773593749998 0.4518 0.1972867921875 0.5005052625 0.2042716984375 0.5686894734375 0.23221509375 0.580378946875
4 0.14978490625000002 0.60375263125 0.1372113203125 0.6485578953125 0.1625256109375 0.6801452578125 0.20706792499999999 0.6096 0.1833132078125 0.5005052625 0.15537358437499998 0.482973684375 0.10507547187499999 0.5550526312499999 0.12323773593750001 0.5920631578125 0.14978490625000002 0.60375263125
4 0.19868301875 0.5258315796875 0.2084641515625 0.4440105265625 0.1930943390625 0.4147894734375 0.2042716984375 0.37972105312500004 0.187826415625 0.32943684218749997 0.1372113203125 0.375826315625 0.1414 0.4518 0.1581660375 0.4966105265625 0.19868301875 0.5258315796875