3 0.953125 0.3166666671875 0.9859375 0.3375 0.99375 0.3361111109375 0.99375 0.15 0.98359375 0.134722221875 0.959375 0.11388888906250001 0.93515625 0.10555555624999999 0.9234375 0.10833333281249999 0.9078125 0.12222222187500001 0.8984375 0.15694444375 0.89921875 0.2 0.91328125 0.25 0.92890625 0.28194444375 0.953125 0.3166666671875
3 0.88828125 0.3916666671875 0.90390625 0.40694444374999994 0.93359375 0.40972222187499996 0.94921875 0.40138888906250003 0.9625 0.375 0.96640625 0.34861111093749997 0.965625 0.3291666671875 0.9515625 0.31805555625 0.9234375 0.275 0.903125 0.2208333328125 0.896875 0.190277778125 0.88125 0.1833333328125 0.8578125 0.184722221875 0.85 0.1916666671875 0.83515625 0.21944444375 0.83671875 0.2666666671875 0.84296875 0.29722222187499997 0.86484375 0.3541666671875 0.88828125 0.3916666671875
3 0.77890625 0.384722221875 0.7953125 0.415277778125 0.815625 0.44444444375 0.84921875 0.4611111109375 0.86796875 0.45277777812500003 0.88046875 0.434722221875 0.8890625 0.40972222187499996 0.88984375 0.3958333328125 0.8609375 0.35 0.85 0.3236111109375 0.8390625 0.2833333328125 0.834375 0.23472222187499997 0.828125 0.21944444375 0.7984375 0.20972222187499998 0.78203125 0.21944444375 0.76171875 0.2513888890625 0.75625 0.3 0.76171875 0.3263888890625 0.76015625 0.3333333328125 0.77890625 0.384722221875
3 0.73046875 0.46666666718750005 0.746875 0.48333333281249996 0.77890625 0.48472222187499997 0.8015625 0.48194444374999995 0.8109375 0.4625 0.8125 0.44305555625000004 0.78046875 0.39027777812500003 0.7625 0.3416666671875 0.759375 0.3291666671875 0.7609375 0.322222221875 0.75546875 0.30416666718749996 0.759375 0.26527777812500003 0.7359375 0.252777778125 0.72109375 0.25694444375000003 0.7171875 0.2638888890625 0.7046875 0.26805555625 0.68984375 0.30555555624999997 0.6890625 0.3333333328125 0.69453125 0.377777778125 0.715625 0.440277778125 0.73046875 0.46666666718750005
4 0.06015625 0.39305555625 0.06484375 0.42222222187499997 0.07890625 0.45277777812500003 0.109375 0.477777778125 0.11796875 0.48333333281249996 0.16640625 0.48333333281249996 0.2015625 0.4583333328125 0.2125 0.447222221875 0.21953125 0.43194444374999996 0.20859375 0.38055555625 0.209375 0.3611111109375 0.2203125 0.3263888890625 0.21796875 0.309722221875 0.20859375 0.2833333328125 0.19375 0.25694444375000003 0.1703125 0.2208333328125 0.15703125 0.21111111093749999 0.1546875 0.20277777812500003 0.13046875 0.20416666718749998 0.10234375 0.240277778125 0.04296875 0.24722222187499998 0.0265625 0.259722221875 0.01640625 0.28194444375 0.009375 0.31944444375000003 0.0171875 0.352777778125 0.03515625 0.3763888890625 0.06015625 0.39305555625
4 0.1546875 0.20138888906250002 0.1640625 0.215277778125 0.1703125 0.215277778125 0.15 0.15972222187500001 0.146875 0.13194444375 0.1234375 0.09305555625 0.09609375 0.09444444375 0.078125 0.1111111109375 0.071875 0.13194444375 0.084375 0.23194444375 0.10703125 0.23055555625 0.13046875 0.20277777812500003 0.1546875 0.20138888906250002
4 0.140625 0.12222222187500001 0.1453125 0.1263888890625 0.15546875 0.17916666718750002 0.1921875 0.25 0.20703125 0.25555555625 0.2109375 0.240277778125 0.2171875 0.23472222187499997 0.228125 0.2416666671875 0.240625 0.240277778125 0.25 0.22777777812500002 0.26953125 0.184722221875 0.27890625 0.140277778125 0.28125 0.0666666671875 0.275 0.04305555625 0.2625 0.0166666671875 0.23984375 0.0125 0.140625 0.013888889062500001 0.13046875 0.027777778125000003 0.125 0.04305555625 0.1234375 0.061111110937500004 0.1265625 0.084722221875 0.1359375 0.097222221875 0.140625 0.12222222187500001
4 0.2828125 0.197222221875 0.29375 0.20555555625 0.28984375 0.215277778125 0.2890625 0.23194444375 0.32109375 0.24305555625 0.33671875 0.2388888890625 0.3578125 0.21944444375 0.36328125 0.16388888906250001 0.359375 0.14444444375 0.3453125 0.12361111093749999 0.31796875 0.10555555624999999 0.2828125 0.1125 0.28046875 0.11805555625 0.27890625 0.14305555625 0.26640625 0.1986111109375 0.27265625 0.20277777812500003 0.2828125 0.197222221875
4 0.36953125 0.27638888906250003 0.38828125 0.2791666671875 0.41015625 0.2708333328125 0.41171875 0.2638888890625 0.4078125 0.2375 0.39140625 0.20833333281250002 0.36953125 0.19583333281249998 0.36328125 0.19583333281249998 0.35859375 0.2208333328125 0.34609375 0.23472222187499997 0.321875 0.24583333281250003 0.321875 0.275 0.32890625 0.2833333328125 0.34609375 0.28472222187499996 0.36953125 0.27638888906250003
2 0.09453125 0.6152777781250001 0.13046875 0.659722221875 0.13828125 0.6638888890625 0.1578125 0.6944444437499999 0.1671875 0.7166666671875 0.209375 0.7611111109375 0.290625 0.8666666671875 0.29296875 0.8763888890624999 0.340625 0.9263888890624999 0.39609375 0.9986111109375001 0.40625 0.9930555562500001 0.43671875 0.9444444437499999 0.46640625 0.91944444375 0.478125 0.8986111109375001 0.47890625 0.8819444437499999 0.46640625 0.8583333328125 0.328125 0.64305555625 0.2671875 0.534722221875 0.246875 0.51805555625 0.2328125 0.497222221875 0.22421875 0.490277778125 0.15859375 0.49444444374999996 0.14375 0.490277778125 0.125 0.4916666671875 0.113671875 0.4986111109375 0.0484375 0.5013888890625 0.05 0.5416666671875 0.0703125 0.5833333328125 0.08828125 0.5958333328125 0.09453125 0.6152777781250001
2 0.28359375 0.5694444437499999 0.334375 0.652777778125 0.340625 0.6569444437499999 0.39609375 0.7430555562500001 0.446875 0.675 0.44036484375 0.672222221875 0.37109375 0.502777778125 0.37109375 0.490277778125 0.31953125 0.490277778125 0.30364609374999996 0.4986111109375 0.2859375 0.4986111109375 0.28125 0.502777778125 0.27890625 0.515277778125 0.26875 0.51944444375 0.265625 0.525 0.26640625 0.5375 0.28046875 0.5555555562500001 0.28359375 0.5694444437499999
2 0.265625 0.85694444375 0.27578125 0.85694444375 0.27109375 0.8444444437499999 0.23046875 0.790277778125 0.2046875 0.7583333328124999 0.19609375 0.7541666671875 0.19609375 0.747222221875 0.1734375 0.7166666671875 0.17265625 0.73194444375 0.1828125 0.7458333328125 0.2046875 0.79444444375 0.265625 0.85694444375
2 0.2875 0.8847222218749999 0.19765625 0.7958333328125 0.178125 0.7583333328124999 0.1671875 0.73194444375 0.16015625 0.7013888890625 0.153125 0.6888888890625 0.1453125 0.6958333328124999 0.12890625 0.7388888890625 0.0765625 0.83055555625 0.00625 0.9361111109375001 0.00625 0.98194444375 0.01171875 0.9902777781250001 0.2046875 0.9902777781250001 0.2875 0.8847222218749999