4 0.45956148125 0.464212221875 0.4050533328125 0.432202221875 0.36239259218750003 0.41975444375000004 0.3078829625 0.426867778125 0.2770740734375 0.45176333281250003 0.26048444375 0.4837733328125 0.26048444375 0.521117778125 0.293663703125 0.5513488890625 0.350543703125 0.5637966671875 0.407422221875 0.5495711109375 0.4382325921875 0.5193388890625 0.45956148125 0.464212221875
4 0.3434325921875 0.7113966671874999 0.3955733328125 0.67049555625 0.41216296249999995 0.6135900000000001 0.3766133328125 0.5780233328125 0.3363229625 0.5637966671875 0.293663703125 0.5833588890625 0.2628533328125 0.60825444375 0.2391540734375 0.64915555625 0.21782370312500002 0.6900566671874999 0.23678370312500002 0.7220666671875 0.2984029625 0.73451444375 0.3434325921875 0.7113966671874999
4 0.5685807406250001 0.6829433328125 0.5662103703125 0.6207033328125 0.5188118515625 0.60292 0.47852148124999994 0.5993633328125 0.43112296250000004 0.6313733328125 0.41927259218749996 0.6900566671874999 0.44771259218750004 0.73451444375 0.45482222187500004 0.73985 0.4808918515625 0.752297778125 0.5259214812499999 0.75585444375 0.5567303703125 0.7220666671875 0.5685807406250001 0.6829433328125
4 0.23441481406250003 0.6651611109375 0.26048444375 0.61892444375 0.2865540734375 0.590472221875 0.265223703125 0.5637966671875 0.23678370312500002 0.5460144437500001 0.19022222187499999 0.5648888890625 0.15620444375 0.615367778125 0.16331555625 0.67227444375 0.1988651859375 0.6865 0.23441481406250003 0.6651611109375
4 0.2818133328125 0.5300088890625 0.26996444375 0.49800000000000005 0.26996444375 0.4464288890625 0.23204444375 0.41619777812500003 0.17279555625 0.41797555624999994 0.1325051859375 0.44465000000000005 0.13724444375 0.4962211109375 0.1704251859375 0.531787778125 0.21308444375 0.5513488890625 0.26048444375 0.5460144437500001 0.2818133328125 0.5300088890625
4 0.6136103703125 0.3806311109375 0.5472518515625 0.3699611109375 0.5045911109375 0.405527778125 0.530660740625 0.44998555625 0.5428148140625 0.478222221875 0.5993911109375001 0.48733000000000004 0.644420740625 0.453542221875 0.644420740625 0.410862221875 0.6136103703125 0.3806311109375
4 0.639287465625 0.5944123828125 0.70607555625 0.6033288890625 0.7345140734375 0.5784333328125 0.71555555625 0.5304188890625 0.6657496296875001 0.5086700000000001 0.60176 0.5442355562500001 0.639287465625 0.5944123828125
4 0.6420503703125 0.6135900000000001 0.5804311109375 0.6100333328125 0.5472518515625 0.61892444375 0.5519911109375 0.64915555625 0.5756903703125 0.706062221875 0.606500740625 0.720287778125 0.644420740625 0.70784 0.6799703703125 0.6598255562500001 0.6752296296875 0.6544911109375 0.6657496296875001 0.6295944437500001 0.6420503703125 0.6135900000000001
4 0.42401185156250004 0.7665244437500001 0.42401185156250004 0.71851 0.41216296249999995 0.6776088890625 0.34817333281249996 0.73451444375 0.2984029625 0.7469633328125 0.264296296875 0.7448888890625 0.2818133328125 0.78608555625 0.3434325921875 0.8003122218750001 0.3742429625 0.789642221875 0.42401185156250004 0.7665244437500001
4 0.5259214812499999 0.7594111109374999 0.5045911109375 0.7647455562500001 0.460488365625 0.7659278281249999 0.483262221875 0.7949766671875 0.530660740625 0.8092033328125 0.597020740625 0.77719444375 0.6136103703125 0.7434066671874999 0.5756903703125 0.741627778125 0.5259214812499999 0.7594111109374999
4 0.5330311109375 0.4944433328125 0.4998518515625 0.489107778125 0.47378222187499996 0.5051133328125 0.45008148124999997 0.5282311109375 0.4382325921875 0.5602411109375 0.483262221875 0.590472221875 0.5662118515625 0.590472221875 0.559100740625 0.5406788890625001 0.5567318515624999 0.49800000000000005 0.5330311109375 0.4944433328125