8 0.29921875 0.32777777812500003 0.33515625 0.3416666671875 0.34921875 0.34305555625 0.37265625 0.3291666671875 0.40234375 0.3263888890625 0.4265625 0.3 0.43671875 0.3 0.43984375 0.29444444375 0.43203125 0.25833333281250004 0.41953125 0.23194444375 0.409375 0.2236111109375 0.40390625 0.21111111093749999 0.3875 0.20416666718749998 0.3640625 0.15694444375 0.35078125 0.14444444375 0.33828125 0.14444444375 0.3015625 0.165277778125 0.271875 0.22777777812500002 0.2578125 0.240277778125 0.26171875 0.2625 0.27734375 0.28472222187499996 0.2828125 0.3138888890625 0.29921875 0.32777777812500003
8 0.13828125 0.3916666671875 0.13828125 0.375 0.1453125 0.35972222187499997 0.1703125 0.3611111109375 0.20390625 0.39305555625 0.240625 0.3875 0.23984375 0.352777778125 0.24765625 0.34027777812500004 0.2609375 0.3333333328125 0.25859375 0.28611111093749997 0.25234375 0.27777777812500004 0.23359375 0.290277778125 0.19765625 0.32777777812500003 0.1796875 0.32777777812500003 0.15390625 0.3125 0.1234375 0.3138888890625 0.11015625 0.30555555624999997 0.11015625 0.365277778125 0.11875 0.39027777812500003 0.13125 0.3875 0.13828125 0.3916666671875
8 0.38359375 0.45 0.38828125 0.440277778125 0.4046875 0.434722221875 0.4171875 0.44305555625000004 0.44375 0.447222221875 0.4640625 0.4388888890625 0.5421875 0.4291666671875 0.5484375 0.425 0.55 0.41111111093749997 0.5453125 0.3986111109375 0.5171875 0.38333333281250004 0.47890625 0.33055555625 0.43359375 0.302777778125 0.421875 0.30555555624999997 0.40234375 0.34027777812500004 0.3828125 0.35972222187499997 0.3296875 0.4388888890625 0.334375 0.45555555625000005 0.3609375 0.45694444375 0.38359375 0.45
8 0.4578125 0.6208333328125 0.48359375 0.6347222218749999 0.5015625 0.6555555562500001 0.52421875 0.6666666671875 0.5453125 0.66805555625 0.56015625 0.665277778125 0.57265625 0.6541666671875 0.5859375 0.6375 0.5953125 0.6166666671875001 0.59453125 0.60555555625 0.59921875 0.590277778125 0.58203125 0.56805555625 0.55625 0.522222221875 0.53046875 0.45 0.5203125 0.4375 0.484375 0.4375 0.44453125 0.4513888890625 0.39921875 0.4375 0.39375 0.447222221875 0.3953125 0.4888888890625 0.40703125 0.5236111109375 0.43828125 0.5916666671875 0.4578125 0.6208333328125
8 0.328125 0.847222221875 0.35 0.847222221875 0.36875 0.840277778125 0.39140625 0.847222221875 0.4265625 0.847222221875 0.434375 0.8430555562500001 0.4375 0.827777778125 0.46171875 0.8083333328125001 0.5109375 0.79444444375 0.53515625 0.777777778125 0.53828125 0.7666666671875 0.51875 0.7208333328125 0.51484375 0.6972222218749999 0.50546875 0.66944444375 0.48984375 0.6416666671875 0.46875 0.63055555625 0.45546875 0.640277778125 0.434375 0.6388888890625 0.4109375 0.6541666671875 0.37890625 0.61944444375 0.34375 0.5666666671875 0.30078125 0.540277778125 0.29375 0.5541666671875001 0.296875 0.5736111109375 0.29375 0.6083333328125 0.2953125 0.64444444375 0.27265625 0.7402777781250001 0.25078125 0.79444444375 0.24921875 0.809722221875 0.25234375 0.8194444437499999 0.2921875 0.8263888890625 0.328125 0.847222221875
8 0.1125 0.6083333328125 0.11328125 0.6333333328124999 0.11875 0.65 0.12421875 0.6541666671875 0.12421875 0.6486111109375 0.15625 0.6138888890625 0.1765625 0.672222221875 0.190625 0.6763888890625 0.19453125 0.66805555625 0.23359375 0.6375 0.246875 0.6208333328125 0.290625 0.6 0.29375 0.5916666671875 0.29375 0.5722222218749999 0.2890625 0.5527777781250001 0.296875 0.5305555562500001 0.3125 0.5375 0.3140625 0.54444444375 0.3265625 0.5416666671875 0.32578125 0.36805555624999997 0.31796875 0.36805555624999997 0.3109375 0.38055555625 0.29296875 0.3916666671875 0.254296875 0.3958333328125 0.23203125 0.3888888890625 0.209375 0.3958333328125 0.19453125 0.36805555624999997 0.18984375 0.372222221875 0.18515625 0.3611111109375 0.17734375 0.35555555625 0.17109375 0.35972222187499997 0.16640625 0.352777778125 0.1453125 0.3541666671875 0.13671875 0.3736111109375 0.115625 0.3763888890625 0.1140625 0.44444444375 0.103125 0.4861111109375 0.09921875 0.540277778125 0.11015625 0.5611111109375 0.10390625 0.5722222218749999 0.1125 0.6083333328125
8 0.17421875 0.8416666671874999 0.215625 0.86944444375 0.2578125 0.8847222218749999 0.27734375 0.8861111109375001 0.33359375 0.86944444375 0.36171875 0.8486111109375001 0.3609375 0.8444444437499999 0.35 0.85 0.32578125 0.8486111109375001 0.290625 0.825 0.25625 0.8194444437499999 0.25078125 0.8138888890624999 0.25078125 0.7986111109375 0.26875 0.7541666671875 0.28984375 0.66805555625 0.29375 0.6458333328125 0.28984375 0.60555555625 0.25 0.622222221875 0.21484375 0.6569444437499999 0.1953125 0.6833333328125 0.1453125 0.7 0.134375 0.725 0.134375 0.7708333328125 0.13984375 0.7888888890625 0.1640625 0.8166666671874999 0.17421875 0.8416666671874999
8 0.3765625 0.6111111109375 0.39765625 0.6333333328124999 0.4046875 0.6333333328124999 0.43828125 0.60694444375 0.4390625 0.5944444437499999 0.4078125 0.5263888890625 0.3890625 0.46805555625000006 0.37734375 0.4611111109375 0.34453125 0.4611111109375 0.3296875 0.46805555625000006 0.33125 0.54444444375 0.32890625 0.5527777781250001 0.346875 0.5694444437499999 0.3765625 0.6111111109375
8 0.76640625 0 0.75890625 0.027222221875 0.72578125 0.0875 0.75546875 0.11805555625 0.771875 0.10833333281249999 0.80625 0.10694444375 0.8109375 0.0986111109375 0.8125 0.0791666671875 0.80703125 0.0638888890625 0.80703125 0.0486111109375 0.80234375 0.030555556249999997 0.78828125 0 0.76640625 0
8 0.8296875 0.2611111109375 0.8375 0.25833333281250004 0.84765625 0.2638888890625 0.85546875 0.252777778125 0.88359375 0.23194444375 0.88984375 0.2236111109375 0.896875 0.190277778125 0.89140625 0.14305555625 0.8703125 0.15555555625 0.83671875 0.16388888906250001 0.80625 0.140277778125 0.803125 0.15694444375 0.8078125 0.215277778125 0.8234375 0.24722222187499998 0.82890625 0.2513888890625 0.8296875 0.2611111109375
8 0.66953125 0.22638888906250001 0.67734375 0.225 0.69296875 0.20972222187499998 0.73046875 0.20555555625 0.74921875 0.197222221875 0.74921875 0.1916666671875 0.734375 0.16805555625 0.734375 0.147222221875 0.7296875 0.13333333281249998 0.72109375 0.1208333328125 0.70234375 0.11388888906250001 0.66640625 0.13333333281249998 0.653125 0.1291666671875 0.63828125 0.134722221875 0.61796875 0.16388888906250001 0.61484375 0.18055555625 0.61796875 0.2 0.65234375 0.20833333281250002 0.66953125 0.22638888906250001
8 0.621875 0.28194444375 0.64453125 0.28611111093749997 0.671875 0.24722222187499998 0.65859375 0.21944444375 0.6390625 0.20555555625 0.6125 0.20833333281250002 0.59296875 0.2 0.58515625 0.20277777812500003 0.58671875 0.23194444375 0.603125 0.28055555625 0.61171875 0.272222221875 0.621875 0.28194444375
8 0.72890625 0.375 0.7421875 0.377777778125 0.7671875 0.36805555624999997 0.809375 0.3375 0.81640625 0.31944444375000003 0.815625 0.3138888890625 0.80390625 0.3111111109375 0.77890625 0.28472222187499996 0.73828125 0.26805555625 0.73046875 0.27777777812500004 0.71796875 0.3138888890625 0.6984375 0.33888888906250003 0.6984375 0.352777778125 0.69078125 0.35972222187499997 0.67421875 0.3611111109375 0.67421875 0.3791666671875 0.6890625 0.3861111109375 0.7171875 0.3875 0.72890625 0.375
8 0.91328125 0.3625 0.9203125 0.35694444375 0.91328125 0.31805555625 0.9078125 0.2388888890625 0.89609375 0.2236111109375 0.85703125 0.2541666671875 0.82421875 0.32083333281250004 0.8234375 0.34861111093749997 0.8328125 0.35972222187499997 0.87890625 0.36666666718749996 0.91328125 0.3625
8 0.8 0.5583333328125 0.82890625 0.5694444437499999 0.83828125 0.5638888890625 0.8375 0.54444444375 0.821875 0.49583333281249997 0.803125 0.46388888906250003 0.77890625 0.44166666718750003 0.76796875 0.434722221875 0.759375 0.44166666718750003 0.75625 0.4513888890625 0.7453125 0.4625 0.7390625 0.48194444374999995 0.73671875 0.522222221875 0.7328125 0.5319444437499999 0.7359375 0.547222221875 0.8 0.5583333328125
8 0.940625 0.5361111109375 0.94921875 0.5041666671875 0.9359375 0.4916666671875 0.91171875 0.48333333281249996 0.86171875 0.4375 0.853125 0.4458333328125 0.85 0.47222222187499996 0.83046875 0.5138888890625 0.84140625 0.5625 0.859375 0.5666666671875 0.93046875 0.54444444375 0.940625 0.5361111109375
8 0.76640625 0 0.76328125 0.019444443750000002 0.728515625 0.084027778125 0.6890625 0.077777778125 0.6875 0.0888888890625 0.69296875 0.115277778125 0.6875 0.12222222187500001 0.66875 0.13194444375 0.65390625 0.1291666671875 0.63125 0.1416666671875 0.61875 0.1625 0.615625 0.18194444375000002 0.60625 0.20833333281250002 0.5984375 0.21111111093749999 0.5921875 0.20138888906250002 0.5859375 0.20277777812500003 0.58671875 0.23055555625 0.60234375 0.27638888906250003 0.596875 0.309722221875 0.596875 0.3333333328125 0.60546875 0.377777778125 0.63046875 0.427777778125 0.64765625 0.43055555625 0.6546875 0.459722221875 0.6515625 0.47083333281249995 0.65390625 0.4916666671875 0.659375 0.49305555625 0.68359375 0.477777778125 0.69296875 0.4888888890625 0.6984375 0.515277778125 0.71015625 0.5361111109375 0.75078125 0.5555555562500001 0.8109375 0.5625 0.82421875 0.5694444437499999 0.87109375 0.565277778125 0.92734375 0.5458333328125 0.940625 0.5361111109375 0.94609375 0.525 0.9671875 0.51944444375 0.99921875 0.4916666671875 0.99921875 0.20138888906250002 0.96484375 0.18055555625 0.95546875 0.1861111109375 0.9421875 0.21805555625 0.92265625 0.21805555625 0.85390625 0.077777778125 0.8546875 0.07083333281250001 0.8484375 0.054166667187499996 0.82421875 0.0375 0.80703125 0.05694444375 0.80234375 0.03194444375 0.78671875 0 0.76640625 0
8 0.77421875 0.8625 0.778125 0.85555555625 0.784375 0.85555555625 0.78984375 0.8861111109375001 0.790625 0.925 0.79765625 0.9277777781250001 0.8265625 0.915277778125 0.8453125 0.9680555562500001 0.87890625 0.9861111109375 0.9546875 0.9986111109375001 0.99921875 0.9986111109375001 0.99921875 0.577777778125 0.98125 0.5833333328125 0.97265625 0.575 0.9625 0.5736111109375 0.9375 0.5888888890625 0.89609375 0.602777778125 0.890625 0.609722221875 0.8765625 0.60694444375 0.8359375 0.6138888890625 0.75546875 0.60694444375 0.7484375 0.6638888890625 0.73203125 0.7402777781250001 0.73359375 0.777777778125 0.74375 0.815277778125 0.7671875 0.8611111109375 0.77421875 0.8625