8 0.68358 0.34458388906250004 0.6280341671875 0.277897221875 0.4813916671875 0.188982221875 0.45888916718750006 0.20037055625 0.24365333281249998 0.28827055625 0.3103091671875 0.31494555625 0.49472250000000006 0.3119816671875 0.68358 0.34458388906250004
8 0.8679941671875 0.29123444374999996 0.9502025 0.231957778125 0.9835308328125001 0.1845361109375 0.8413316671875 0.21862055625000001 0.6658058328124999 0.25270444375 0.6813583328124999 0.40978833281249993 0.7391266671875 0.43498111093749997 0.7946725 0.353475 0.8679941671875 0.29123444374999996
8 0.6880241671875 0.5831733328125 0.74357 0.4779566671875 0.7746766671875001 0.417197778125 0.6702491671875 0.46906499999999995 0.4902791671875 0.5164866671875 0.281425 0.5490888890625001 0.3088891671875 0.5540738890625 0.401405 0.5757638890625 0.5636 0.6083661109375 0.6591400000000001 0.629112778125 0.6880241671875 0.5831733328125
8 0.3791866671875 0.72395555625 0.39251749999999996 0.629112778125 0.2992 0.6528233328125 0.2061108328125 0.6688888890625 0.22810000000000002 0.6706066671875 0.19032916718749998 0.6794983328125 0.3791866671875 0.72395555625
8 0.7080208328125 0.7610038890624999 0.6546966671875001 0.7298833328125001 0.6080375 0.69283555625 0.5302724999999999 0.655787221875 0.4502858328125 0.6068838890625 0.4125141671875 0.58020944375 0.401405 0.66912444375 0.4058483328125 0.738775 0.4061108328125 0.7633333328125 0.47917 0.7684133328125 0.556935 0.7684133328125 0.6813583328124999 0.7669316671875 0.7080208328125 0.7610038890624999
8 0.6946891671875 0.6720883328125 0.8413316671875 0.648377778125 0.9324275 0.6261488890625 0.8902125 0.4394266671875 0.7924516671874999 0.53427 0.7057991671875 0.5994744437499999 0.6080375 0.6869077781249999 0.6946891671875 0.6720883328125
8 0.7124641671874999 0.540197221875 0.7124641671874999 0.5831733328125 0.8635508328125001 0.46165555625000004 0.9146533328125 0.4779566671875 0.9701991671875 0.4527638890625 0.881325 0.37273999999999996 0.8422224999999999 0.33370388906250004 0.7902291671875 0.37866777812499997 0.7569016671875 0.46165555625000004 0.7124641671874999 0.540197221875
8 0.6613616671875 0.46017388906249995 0.6435866671875 0.4142338890625 0.5835966671875 0.3623666671875 0.5680441671875001 0.3253188890625 0.50361 0.451282221875 0.49472250000000006 0.5120411109375 0.5791533328125 0.4987033328125 0.6613616671875 0.46017388906249995
8 0.42833333281249997 0.3411111109375 0.5102758328125 0.37866777812499997 0.5324941671875 0.3949688890625 0.5547125 0.322355 0.42833333281249997 0.3411111109375
8 0.7924516671874999 0.70469055625 0.8702158328125 0.6869077781249999 0.9502025 0.66912444375 0.9190966671874999 0.6602333328125 0.8346666671875 0.6320766671875 0.7235733328125 0.68838944375 0.7102425 0.713582221875 0.7924516671874999 0.70469055625
8 0.6880241671875 0.6913533328125 0.641365 0.68838944375 0.6213683328124999 0.682462221875 0.6635833328125 0.6409683328125 0.5977775000000001 0.6318516671875 0.5747091671875 0.66912444375 0.6458091671874999 0.7284016671875 0.6969116671875 0.71506444375 0.6880241671875 0.6913533328125
8 0.6791366671875 0.2364033328125 0.5680441671875001 0.18305444375 0.5102758328125 0.1845361109375 0.5005558328124999 0.202222221875 0.6569183328125 0.3119816671875 0.6769149999999999 0.2808611109375 0.6791366671875 0.2364033328125