3 0.091318 0.677886 0.13330999999999998 0.70187 0.1993 0.711864 0.269288 0.665894 0.27528600000000003 0.6099300000000001 0.24929199999999999 0.549968 0.1953 0.519988 0.1255 0.5305 0.097316 0.569956 0.085318 0.617924 0.091318 0.677886
3 0.32328 0.621922 0.369272 0.569956 0.345276 0.49800199999999994 0.267288 0.45403000000000004 0.20049999999999998 0.508 0.26128999999999997 0.57795 0.293284 0.637912 0.32328 0.621922
3 0.405266 0.569956 0.44126000000000004 0.527982 0.45325800000000005 0.47801400000000005 0.42526200000000003 0.424048 0.38327 0.394068 0.307282 0.39207000000000003 0.27328800000000003 0.448034 0.34727399999999997 0.517988 0.37927 0.575952 0.405266 0.569956
3 0.47925399999999996 0.496002 0.50325 0.480012 0.541242 0.44003800000000004 0.5312439999999999 0.37408 0.48725199999999996 0.32011599999999996 0.417264 0.324112 0.367272 0.36808399999999997 0.427262 0.418052 0.459256 0.466022 0.47925399999999996 0.496002
3 0.573238 0.43804 0.609232 0.41205600000000003 0.611232 0.350096 0.605232 0.288136 0.547242 0.244164 0.473254 0.260154 0.438 0.3055 0.517246 0.354094 0.543242 0.40606 0.573238 0.43804
3 0.649224 0.350096 0.67922 0.326112 0.67922 0.272146 0.659224 0.22018 0.593234 0.186202 0.5055 0.223 0.569238 0.262152 0.607232 0.31412 0.649224 0.350096
3 0.413264 0.8877520000000001 0.455258 0.8377840000000001 0.44925800000000005 0.785816 0.42526200000000003 0.7238559999999999 0.363272 0.6998719999999999 0.305282 0.715862 0.265288 0.761832 0.27328800000000003 0.8397819999999999 0.337276 0.8857519999999999 0.413264 0.8877520000000001
3 0.427262 0.737848 0.44925800000000005 0.78182 0.49125199999999997 0.801806 0.521246 0.761832 0.521246 0.711864 0.48325199999999996 0.647906 0.399266 0.64191 0.348 0.6805 0.341276 0.6818839999999999 0.385268 0.711864 0.427262 0.737848
3 0.55524 0.757834 0.591234 0.7498400000000001 0.597234 0.6858799999999999 0.593234 0.615926 0.547242 0.591942 0.47125399999999995 0.583946 0.421262 0.635912 0.47925399999999996 0.661896 0.523246 0.7198599999999999 0.55524 0.757834
3 0.627228 0.68788 0.6772199999999999 0.6559 0.67522 0.5959380000000001 0.649224 0.527982 0.589234 0.5159900000000001 0.513248 0.52998 0.50325 0.575952 0.567238 0.60793 0.601232 0.649904 0.627228 0.68788
3 0.74321 0.597938 0.769204 0.5339780000000001 0.759206 0.486008 0.713214 0.43804 0.641226 0.442038 0.591234 0.462024 0.5705 0.5105000000000001 0.663222 0.56396 0.701216 0.6199239999999999 0.74321 0.597938
3 0.781204 0.56196 0.815198 0.527982 0.8431919999999999 0.476016 0.8351940000000001 0.42205000000000004 0.7852020000000001 0.39007000000000003 0.711214 0.37608 0.665222 0.428046 0.7372099999999999 0.46802 0.775204 0.507994 0.781204 0.56196